# time	B0_r_i(1)	B0_r_i(2)	B0_r_i(3)	0_A_i(1,1)	0_A_i(1,2)	0_A_i(1,3)	0_A_i(2,1)	...
0.000000	0.000000	0.000000	0.000000	0.789785	-0.613384	0.000000	0.613384	0.789785	0.000000	0.000000	0.000000	1.000000	0.000000	0.000000	0.000000	0.726983	-0.308637	0.613384	0.564609	-0.239702	-0.789785	0.390786	0.920482	0.000000	0.133765	0.103888	0.071905	0.786776	0.068872	-0.613384	0.611047	0.053489	0.789785	0.087203	-0.996191	-0.000000	0.228302	0.177310	-0.114367	0.882166	-0.465876	0.068872	-0.469578	-0.881269	0.053489	0.035775	-0.079527	-0.996191	0.228302	0.177310	-0.114367	0.830853	-0.304372	0.465876	-0.404760	0.243996	0.881269	-0.381906	-0.920773	0.079527	0.210648	0.191461	-0.167772	0.056891	-0.950853	-0.304372	-0.960255	-0.135558	0.243996	-0.273264	0.278394	-0.920773	
0.010000	0.000000	0.000000	0.000000	0.789921	-0.613209	0.000000	0.613209	0.789921	0.000000	0.000000	0.000000	1.000000	0.000000	0.000000	0.000000	0.727149	-0.308593	0.613209	0.564479	-0.239558	-0.789921	0.390663	0.920534	0.000000	0.133795	0.103864	0.071882	0.786894	0.069084	-0.613209	0.610859	0.053629	0.789921	0.087457	-0.996168	-0.000000	0.228386	0.177294	-0.114359	0.882024	-0.466114	0.069084	-0.469838	-0.881122	0.053629	0.035874	-0.079761	-0.996168	0.228386	0.177294	-0.114359	0.830873	-0.303953	0.466114	-0.404987	0.244150	0.881122	-0.381622	-0.920871	0.079761	0.210757	0.191455	-0.167770	0.056702	-0.950998	-0.303953	-0.960254	-0.135288	0.244150	-0.273307	0.278029	-0.920871	
0.020000	0.000000	0.000000	0.000000	0.790300	-0.612720	0.000000	0.612720	0.790300	0.000000	0.000000	0.000000	1.000000	0.000000	0.000000	0.000000	0.727611	-0.308473	0.612720	0.564118	-0.239160	-0.790300	0.390324	0.920677	0.000000	0.133880	0.103798	0.071820	0.787221	0.069695	-0.612720	0.610333	0.054034	0.790300	0.088188	-0.996104	-0.000000	0.228624	0.177253	-0.114333	0.881625	-0.466776	0.069695	-0.470564	-0.880710	0.054034	0.036159	-0.080434	-0.996104	0.228624	0.177253	-0.114333	0.830935	-0.302765	0.466776	-0.405616	0.244592	0.880710	-0.380818	-0.921145	0.080434	0.211064	0.191439	-0.167760	0.056177	-0.951408	-0.302765	-0.960247	-0.134535	0.244592	-0.273439	0.276988	-0.921145	
0.030000	0.000000	0.000000	0.000000	0.790916	-0.611925	0.000000	0.611925	0.790916	0.000000	0.000000	0.000000	1.000000	0.000000	0.000000	0.000000	0.728365	-0.308274	0.611925	0.563530	-0.238509	-0.790916	0.389769	0.920913	0.000000	0.134019	0.103689	0.071717	0.787750	0.070693	-0.611925	0.609476	0.054695	0.790916	0.089381	-0.995997	-0.000000	0.229013	0.177186	-0.114292	0.880973	-0.467856	0.070693	-0.471747	-0.880036	0.054695	0.036623	-0.081534	-0.995997	0.229013	0.177186	-0.114292	0.831034	-0.300821	0.467856	-0.406644	0.245310	0.880036	-0.379503	-0.921591	0.081534	0.211566	0.191414	-0.167744	0.055323	-0.952075	-0.300821	-0.960236	-0.133306	0.245310	-0.273655	0.275288	-0.921591	
0.040000	0.000000	0.000000	0.000000	0.791756	-0.610838	0.000000	0.610838	0.791756	0.000000	0.000000	0.000000	1.000000	0.000000	0.000000	0.000000	0.729395	-0.307994	0.610838	0.562727	-0.237617	-0.791756	0.389001	0.921237	0.000000	0.134209	0.103542	0.071576	0.788469	0.072066	-0.610838	0.608302	0.055598	0.791756	0.091020	-0.995849	-0.000000	0.229546	0.177094	-0.114235	0.880078	-0.469328	0.072066	-0.473365	-0.879110	0.055598	0.037260	-0.083044	-0.995849	0.229546	0.177094	-0.114235	0.831166	-0.298152	0.469328	-0.408053	0.246288	0.879110	-0.377698	-0.922197	0.083044	0.212253	0.191379	-0.167723	0.054155	-0.952981	-0.298152	-0.960218	-0.131620	0.246288	-0.273951	0.272953	-0.922197	
0.050000	0.000000	0.000000	0.000000	0.792804	-0.609476	0.000000	0.609476	0.792804	0.000000	0.000000	0.000000	1.000000	0.000000	0.000000	0.000000	0.730687	-0.307628	0.609476	0.561723	-0.236492	-0.792804	0.388025	0.921649	0.000000	0.134446	0.103357	0.071397	0.789362	0.073798	-0.609476	0.606830	0.056733	0.792804	0.093085	-0.995658	-0.000000	0.230215	0.176980	-0.114165	0.878950	-0.471170	0.073798	-0.475393	-0.877942	0.056733	0.038060	-0.084949	-0.995658	0.230215	0.176980	-0.114165	0.831325	-0.294786	0.471170	-0.409826	0.247508	0.877942	-0.375423	-0.922953	0.084949	0.213118	0.191336	-0.167696	0.052691	-0.954110	-0.294786	-0.960193	-0.129498	0.247508	-0.274324	0.270010	-0.922953	
0.060000	0.000000	0.000000	0.000000	0.794047	-0.607856	0.000000	0.607856	0.794047	0.000000	0.000000	0.000000	1.000000	0.000000	0.000000	0.000000	0.732227	-0.307172	0.607856	0.560532	-0.235146	-0.794047	0.386844	0.922145	0.000000	0.134730	0.103138	0.071179	0.790413	0.075878	-0.607856	0.605075	0.058086	0.794047	0.095558	-0.995424	-0.000000	0.231014	0.176845	-0.114081	0.877598	-0.473355	0.075878	-0.477808	-0.876542	0.058086	0.039015	-0.087231	-0.995424	0.231014	0.176845	-0.114081	0.831505	-0.290749	0.473355	-0.411944	0.248950	0.876542	-0.372696	-0.923845	0.087231	0.214151	0.191284	-0.167664	0.050950	-0.955442	-0.290749	-0.960159	-0.126959	0.248950	-0.274770	0.266482	-0.923845	
0.070000	0.000000	0.000000	0.000000	0.795467	-0.605997	0.000000	0.605997	0.795467	0.000000	0.000000	0.000000	1.000000	0.000000	0.000000	0.000000	0.733997	-0.306620	0.605997	0.559168	-0.233587	-0.795467	0.385459	0.922725	0.000000	0.135056	0.102887	0.070924	0.791605	0.078291	-0.605997	0.603054	0.059643	0.795467	0.098422	-0.995145	-0.000000	0.231936	0.176692	-0.113986	0.876031	-0.475857	0.078291	-0.480583	-0.874919	0.059643	0.040117	-0.089875	-0.995145	0.231936	0.176692	-0.113986	0.831700	-0.286070	0.475857	-0.414390	0.250595	0.874919	-0.369536	-0.924860	0.089875	0.215344	0.191226	-0.167628	0.048949	-0.956958	-0.286070	-0.960115	-0.124023	0.250595	-0.275288	0.262394	-0.924860	
0.080000	0.000000	0.000000	0.000000	0.797049	-0.603914	0.000000	0.603914	0.797049	0.000000	0.000000	0.000000	1.000000	0.000000	0.000000	0.000000	0.735984	-0.305965	0.603914	0.557646	-0.231826	-0.797049	0.383872	0.923386	0.000000	0.135421	0.102607	0.070632	0.792920	0.081027	-0.603914	0.600786	0.061393	0.797049	0.101658	-0.994819	-0.000000	0.232973	0.176521	-0.113881	0.874260	-0.478649	0.081027	-0.483694	-0.873082	0.061393	0.041357	-0.092865	-0.994819	0.232973	0.176521	-0.113881	0.831902	-0.280775	0.478649	-0.417147	0.252422	0.873082	-0.365961	-0.925985	0.092865	0.216688	0.191161	-0.167589	0.046709	-0.958636	-0.280775	-0.960058	-0.120711	0.252422	-0.275873	0.257770	-0.925985	
0.090000	0.000000	0.000000	0.000000	0.798776	-0.601628	0.000000	0.601628	0.798776	0.000000	0.000000	0.000000	1.000000	0.000000	0.000000	0.000000	0.738172	-0.305198	0.601628	0.555981	-0.229872	-0.798776	0.382082	0.924128	0.000000	0.135824	0.102301	0.070303	0.794340	0.084072	-0.601628	0.598286	0.063322	0.798776	0.105250	-0.994446	-0.000000	0.234119	0.176335	-0.113767	0.872292	-0.481703	0.084072	-0.487114	-0.871040	0.063322	0.042727	-0.096187	-0.994446	0.234119	0.176335	-0.113767	0.832104	-0.274890	0.481703	-0.420197	0.254410	0.871040	-0.361990	-0.927206	0.096187	0.218175	0.191091	-0.167545	0.044249	-0.960457	-0.274890	-0.959988	-0.117041	0.254410	-0.276523	0.252634	-0.927206	
0.100000	0.000000	0.000000	0.000000	0.800633	-0.599156	0.000000	0.599156	0.800633	0.000000	0.000000	0.000000	1.000000	0.000000	0.000000	0.000000	0.740544	-0.304314	0.599156	0.554188	-0.227734	-0.800633	0.380092	0.924949	0.000000	0.136260	0.101971	0.069937	0.795846	0.087414	-0.599156	0.595574	0.065416	0.800633	0.109181	-0.994022	-0.000000	0.235365	0.176136	-0.113646	0.870139	-0.484992	0.087414	-0.490819	-0.868802	0.065416	0.044219	-0.099825	-0.994022	0.235365	0.176136	-0.113646	0.832299	-0.268442	0.484992	-0.423522	0.256538	0.868802	-0.357642	-0.928508	0.099825	0.219796	0.191016	-0.167499	0.041586	-0.962398	-0.268442	-0.959902	-0.113035	0.256538	-0.277235	0.247009	-0.928508	
0.110000	0.000000	0.000000	0.000000	0.802602	-0.596515	0.000000	0.596515	0.802602	0.000000	0.000000	0.000000	1.000000	0.000000	0.000000	0.000000	0.743086	-0.303303	0.596515	0.552282	-0.225423	-0.802602	0.377900	0.925847	0.000000	0.136728	0.101620	0.069534	0.797421	0.091040	-0.596515	0.592665	0.067663	0.802602	0.113431	-0.993546	-0.000000	0.236706	0.175926	-0.113518	0.867808	-0.488488	0.091040	-0.494782	-0.866379	0.067663	0.045822	-0.103764	-0.993546	0.236706	0.175926	-0.113518	0.832478	-0.261456	0.488488	-0.427104	0.258785	0.866379	-0.352934	-0.929877	0.103764	0.221542	0.190936	-0.167451	0.038742	-0.964438	-0.261456	-0.959798	-0.108711	0.258785	-0.278005	0.240919	-0.929877	
0.120000	0.000000	0.000000	0.000000	0.804668	-0.593726	0.000000	0.593726	0.804668	0.000000	0.000000	0.000000	1.000000	0.000000	0.000000	0.000000	0.745782	-0.302158	0.593726	0.550277	-0.222948	-0.804668	0.375506	0.926820	0.000000	0.137224	0.101251	0.069093	0.799047	0.094939	-0.593726	0.589579	0.070051	0.804668	0.117985	-0.993015	-0.000000	0.238134	0.175707	-0.113385	0.865310	-0.492163	0.094939	-0.498978	-0.863779	0.070051	0.047530	-0.107988	-0.993015	0.238134	0.175707	-0.113385	0.832634	-0.253960	0.492163	-0.430926	0.261130	0.863779	-0.347884	-0.931298	0.107988	0.223404	0.190853	-0.167401	0.035733	-0.966554	-0.253960	-0.959675	-0.104090	0.261130	-0.278831	0.234389	-0.931298	
0.130000	0.000000	0.000000	0.000000	0.806815	-0.590804	0.000000	0.590804	0.806815	0.000000	0.000000	0.000000	1.000000	0.000000	0.000000	0.000000	0.748617	-0.300871	0.590804	0.548187	-0.220318	-0.806815	0.372912	0.927867	0.000000	0.137746	0.100866	0.068616	0.800706	0.099096	-0.590804	0.586330	0.072565	0.806815	0.122824	-0.992428	-0.000000	0.239641	0.175481	-0.113249	0.862655	-0.495990	0.099096	-0.503381	-0.861012	0.072565	0.049332	-0.112482	-0.992428	0.239641	0.175481	-0.113249	0.832759	-0.245981	0.495990	-0.434969	0.263553	0.861012	-0.342513	-0.932755	0.112482	0.225374	0.190767	-0.167349	0.032580	-0.968727	-0.245981	-0.959531	-0.099193	0.263553	-0.279711	0.227440	-0.932755	
0.140000	0.000000	0.000000	0.000000	0.809030	-0.587768	0.000000	0.587768	0.809030	0.000000	0.000000	0.000000	1.000000	0.000000	0.000000	0.000000	0.751577	-0.299435	0.587768	0.546028	-0.217542	-0.809030	0.370116	0.928985	0.000000	0.138290	0.100469	0.068101	0.802382	0.103500	-0.587768	0.582938	0.075194	0.809030	0.127931	-0.991783	-0.000000	0.241222	0.175250	-0.113111	0.859852	-0.499943	0.103500	-0.507968	-0.858088	0.075194	0.051220	-0.117230	-0.991783	0.241222	0.175250	-0.113111	0.832844	-0.237547	0.499943	-0.439217	0.266034	0.858088	-0.336838	-0.934236	0.117230	0.227444	0.190680	-0.167297	0.029300	-0.970934	-0.237547	-0.959366	-0.094038	0.266034	-0.280640	0.220099	-0.934236	
0.150000	0.000000	0.000000	0.000000	0.811297	-0.584635	0.000000	0.584635	0.811297	0.000000	0.000000	0.000000	1.000000	0.000000	0.000000	0.000000	0.754646	-0.297844	0.584635	0.543811	-0.214632	-0.811297	0.367121	0.930173	0.000000	0.138855	0.100061	0.067550	0.804058	0.108136	-0.584635	0.579418	0.077925	0.811297	0.133288	-0.991077	-0.000000	0.242868	0.175015	-0.112972	0.856911	-0.503994	0.108136	-0.512714	-0.855016	0.077925	0.053185	-0.122217	-0.991077	0.242868	0.175015	-0.112972	0.832883	-0.228684	0.503994	-0.443651	0.268553	0.855016	-0.330878	-0.935726	0.122217	0.229604	0.190591	-0.167244	0.025912	-0.973156	-0.228684	-0.959177	-0.088647	0.268553	-0.281617	0.212390	-0.935726	
0.160000	0.000000	0.000000	0.000000	0.813603	-0.581421	0.000000	0.581421	0.813603	0.000000	0.000000	0.000000	1.000000	0.000000	0.000000	0.000000	0.757812	-0.296093	0.581421	0.541551	-0.211595	-0.813603	0.363928	0.931427	0.000000	0.139437	0.099645	0.066963	0.805719	0.112990	-0.581421	0.575787	0.080746	0.813603	0.138877	-0.990310	-0.000000	0.244572	0.174778	-0.112834	0.853843	-0.508120	0.112990	-0.517594	-0.851808	0.080746	0.055218	-0.127427	-0.990310	0.244572	0.174778	-0.112834	0.832867	-0.219422	0.508120	-0.448254	0.271093	0.851808	-0.324653	-0.937210	0.127427	0.231846	0.190501	-0.167192	0.022432	-0.975372	-0.219422	-0.958964	-0.083041	0.271093	-0.282637	0.204337	-0.937210	
0.170000	0.000000	0.000000	0.000000	0.815935	-0.578144	0.000000	0.578144	0.815935	0.000000	0.000000	0.000000	1.000000	0.000000	0.000000	0.000000	0.761059	-0.294176	0.578144	0.539260	-0.208443	-0.815935	0.360538	0.932744	0.000000	0.140035	0.099224	0.066339	0.807350	0.118048	-0.578144	0.572061	0.083645	0.815935	0.144679	-0.989479	-0.000000	0.246329	0.174541	-0.112697	0.850658	-0.512294	0.118048	-0.522586	-0.848473	0.083645	0.057310	-0.132844	-0.989479	0.246329	0.174541	-0.112697	0.832792	-0.209791	0.512294	-0.453009	0.273635	0.848473	-0.318184	-0.938676	0.132844	0.234162	0.190411	-0.167140	0.018879	-0.977564	-0.209791	-0.958727	-0.077238	0.273635	-0.283700	0.195966	-0.938676	
0.180000	0.000000	0.000000	0.000000	0.818281	-0.574818	0.000000	0.574818	0.818281	0.000000	0.000000	0.000000	1.000000	0.000000	0.000000	0.000000	0.764374	-0.292089	0.574818	0.536950	-0.205184	-0.818281	0.356954	0.934122	0.000000	0.140645	0.098799	0.065680	0.808939	0.123295	-0.574818	0.568255	0.086611	0.818281	0.150676	-0.988583	-0.000000	0.248131	0.174305	-0.112563	0.847367	-0.516495	0.123295	-0.527668	-0.845023	0.086611	0.059453	-0.138450	-0.988583	0.248131	0.174305	-0.112563	0.832650	-0.199819	0.516495	-0.457897	0.276163	0.845023	-0.311489	-0.940110	0.138450	0.236542	0.190322	-0.167089	0.015267	-0.979714	-0.199819	-0.958465	-0.071261	0.276163	-0.284800	0.187304	-0.940110	
0.190000	0.000000	0.000000	0.000000	0.820631	-0.571459	0.000000	0.571459	0.820631	0.000000	0.000000	0.000000	1.000000	0.000000	0.000000	0.000000	0.767745	-0.289831	0.571459	0.534632	-0.201828	-0.820631	0.353180	0.935555	0.000000	0.141265	0.098372	0.064985	0.810473	0.128715	-0.571459	0.564386	0.089633	0.820631	0.156849	-0.987623	-0.000000	0.249972	0.174072	-0.112433	0.843982	-0.520699	0.128715	-0.532818	-0.841469	0.089633	0.061638	-0.144230	-0.987623	0.249972	0.174072	-0.112433	0.832435	-0.189539	0.520699	-0.462901	0.278662	0.841469	-0.304590	-0.941500	0.144230	0.238979	0.190234	-0.167040	0.011614	-0.981804	-0.189539	-0.958178	-0.065130	0.278662	-0.285936	0.178376	-0.941500	
0.200000	0.000000	0.000000	0.000000	0.822972	-0.568082	0.000000	0.568082	0.822972	0.000000	0.000000	0.000000	1.000000	0.000000	0.000000	0.000000	0.771158	-0.287399	0.568082	0.532315	-0.198386	-0.822972	0.349221	0.937040	0.000000	0.141893	0.097946	0.064257	0.811942	0.134292	-0.568082	0.560467	0.092699	0.822972	0.163179	-0.986597	-0.000000	0.251844	0.173843	-0.112309	0.840513	-0.524885	0.134292	-0.538015	-0.837822	0.092699	0.063856	-0.150166	-0.986597	0.251844	0.173843	-0.112309	0.832143	-0.178981	0.524885	-0.468003	0.281117	0.837822	-0.297508	-0.942836	0.150166	0.241463	0.190148	-0.166993	0.007934	-0.983821	-0.178981	-0.957866	-0.058866	0.281117	-0.287104	0.169210	-0.942836	
0.210000	0.000000	0.000000	0.000000	0.825297	-0.564699	0.000000	0.564699	0.825297	0.000000	0.000000	0.000000	1.000000	0.000000	0.000000	0.000000	0.774601	-0.284794	0.564699	0.530011	-0.194867	-0.825297	0.345081	0.938573	0.000000	0.142527	0.097522	0.063495	0.813334	0.140009	-0.564699	0.556514	0.095799	0.825297	0.169646	-0.985505	-0.000000	0.253742	0.173620	-0.112190	0.836972	-0.529033	0.140009	-0.543239	-0.834094	0.095799	0.066099	-0.156240	-0.985505	0.253742	0.173620	-0.112190	0.831769	-0.168178	0.529033	-0.473187	0.283515	0.834094	-0.290265	-0.944106	0.156240	0.243987	0.190064	-0.166949	0.004241	-0.985748	-0.168178	-0.957530	-0.052490	0.283515	-0.288302	0.159833	-0.944106	
0.220000	0.000000	0.000000	0.000000	0.827595	-0.561325	0.000000	0.561325	0.827595	0.000000	0.000000	0.000000	1.000000	0.000000	0.000000	0.000000	0.778061	-0.282018	0.561325	0.527729	-0.191282	-0.827595	0.340768	0.940147	0.000000	0.143163	0.097102	0.062701	0.814642	0.145849	-0.561325	0.552540	0.098924	0.827595	0.176232	-0.984349	-0.000000	0.255658	0.173403	-0.112079	0.833370	-0.533125	0.145849	-0.548471	-0.830297	0.098924	0.068359	-0.162434	-0.984349	0.255658	0.173403	-0.112079	0.831311	-0.157163	0.533125	-0.478434	0.285845	0.830297	-0.282883	-0.945300	0.162434	0.246542	0.189982	-0.166907	0.000550	-0.987573	-0.157163	-0.957170	-0.046023	0.285845	-0.289526	0.150274	-0.945300	
0.230000	0.000000	0.000000	0.000000	0.829859	-0.557972	0.000000	0.557972	0.829859	0.000000	0.000000	0.000000	1.000000	0.000000	0.000000	0.000000	0.781527	-0.279073	0.557972	0.525475	-0.187640	-0.829859	0.336290	0.941759	0.000000	0.143801	0.096687	0.061877	0.815859	0.151794	-0.557972	0.548559	0.102062	0.829859	0.182916	-0.983129	-0.000000	0.257586	0.173193	-0.111976	0.829721	-0.537142	0.151794	-0.553692	-0.826443	0.102062	0.070628	-0.168730	-0.983129	0.257586	0.173193	-0.111976	0.830765	-0.145970	0.537142	-0.483728	0.288096	0.826443	-0.275384	-0.946411	0.168730	0.249120	0.189903	-0.166867	-0.003125	-0.989284	-0.145970	-0.956787	-0.039486	0.288096	-0.290772	0.140562	-0.946411	
0.240000	0.000000	0.000000	0.000000	0.832082	-0.554652	0.000000	0.554652	0.832082	0.000000	0.000000	0.000000	1.000000	0.000000	0.000000	0.000000	0.784987	-0.275964	0.554652	0.523259	-0.183953	-0.832082	0.331655	0.943401	0.000000	0.144438	0.096280	0.061025	0.816977	0.157827	-0.554652	0.544583	0.105205	0.832082	0.189677	-0.981847	-0.000000	0.259520	0.172992	-0.111881	0.826035	-0.541070	0.157827	-0.558885	-0.822544	0.105205	0.072897	-0.175110	-0.981847	0.259520	0.172992	-0.111881	0.830131	-0.134633	0.541070	-0.489051	0.290258	0.822544	-0.267792	-0.947430	0.175110	0.251712	0.189827	-0.166832	-0.006774	-0.990872	-0.134633	-0.956383	-0.032901	0.290258	-0.292038	0.130727	-0.947430	
0.250000	0.000000	0.000000	0.000000	0.834257	-0.551375	0.000000	0.551375	0.834257	0.000000	0.000000	0.000000	1.000000	0.000000	0.000000	0.000000	0.788429	-0.272698	0.551375	0.521087	-0.180231	-0.834257	0.326875	0.945067	0.000000	0.145071	0.095880	0.060145	0.817993	0.163928	-0.551375	0.540626	0.108343	0.834257	0.196495	-0.980505	-0.000000	0.261454	0.172800	-0.111795	0.822325	-0.544894	0.163928	-0.564033	-0.818614	0.108343	0.075158	-0.181554	-0.980505	0.261454	0.172800	-0.111795	0.829407	-0.123188	0.544894	-0.494386	0.292325	0.818614	-0.260130	-0.948352	0.181554	0.254309	0.189755	-0.166799	-0.010382	-0.992329	-0.123188	-0.955958	-0.026288	0.292325	-0.293321	0.120798	-0.948352	
0.260000	0.000000	0.000000	0.000000	0.836378	-0.548153	0.000000	0.548153	0.836378	0.000000	0.000000	0.000000	1.000000	0.000000	0.000000	0.000000	0.791843	-0.269283	0.548153	0.518965	-0.176485	-0.836378	0.321963	0.946752	0.000000	0.145699	0.095490	0.059241	0.818903	0.170077	-0.548153	0.536700	0.111467	0.836378	0.203350	-0.979106	-0.000000	0.263381	0.172617	-0.111719	0.818604	-0.548600	0.170077	-0.569119	-0.814665	0.111467	0.077405	-0.188041	-0.979106	0.263381	0.172617	-0.111719	0.828594	-0.111672	0.548600	-0.499716	0.294289	0.814665	-0.252422	-0.949170	0.188041	0.256904	0.189686	-0.166771	-0.013940	-0.993647	-0.111672	-0.955514	-0.019669	0.294289	-0.294616	0.110807	-0.949170	
0.270000	0.000000	0.000000	0.000000	0.838440	-0.544994	0.000000	0.544994	0.838440	0.000000	0.000000	0.000000	1.000000	0.000000	0.000000	0.000000	0.795217	-0.265728	0.544994	0.516899	-0.172725	-0.838440	0.316931	0.948449	0.000000	0.146320	0.095109	0.058315	0.819705	0.176255	-0.544994	0.532816	0.114568	0.838440	0.210218	-0.977654	-0.000000	0.265296	0.172445	-0.111653	0.814883	-0.552177	0.176255	-0.574129	-0.810710	0.114568	0.079630	-0.194553	-0.977654	0.265296	0.172445	-0.111653	0.827693	-0.100122	0.552177	-0.505023	0.296144	0.810710	-0.244694	-0.949881	0.194553	0.259489	0.189621	-0.166746	-0.017436	-0.994822	-0.100122	-0.955054	-0.013066	0.296144	-0.295919	0.100786	-0.949881	
0.280000	0.000000	0.000000	0.000000	0.840438	-0.541908	0.000000	0.541908	0.840438	0.000000	0.000000	0.000000	1.000000	0.000000	0.000000	0.000000	0.798542	-0.262045	0.541908	0.514893	-0.168964	-0.840438	0.311795	0.950149	0.000000	0.146932	0.094740	0.057370	0.820397	0.182442	-0.541908	0.528985	0.117637	0.840438	0.217080	-0.976154	-0.000000	0.267191	0.172283	-0.111597	0.811177	-0.555614	0.182442	-0.579048	-0.806762	0.117637	0.081826	-0.201067	-0.976154	0.267191	0.172283	-0.111597	0.826709	-0.088576	0.555614	-0.510292	0.297888	0.806762	-0.236971	-0.950482	0.201067	0.262054	0.189560	-0.166725	-0.020861	-0.995851	-0.088576	-0.954579	-0.006500	0.297888	-0.297228	0.090767	-0.950482	
0.290000	0.000000	0.000000	0.000000	0.842368	-0.538902	0.000000	0.538902	0.842368	0.000000	0.000000	0.000000	1.000000	0.000000	0.000000	0.000000	0.801806	-0.258248	0.538902	0.512953	-0.165213	-0.842368	0.306573	0.951847	0.000000	0.147532	0.094383	0.056410	0.820980	0.188616	-0.538902	0.525219	0.120666	0.842368	0.223911	-0.974610	-0.000000	0.269062	0.172131	-0.111551	0.807497	-0.558903	0.188616	-0.583862	-0.802836	0.120666	0.083987	-0.207563	-0.974610	0.269062	0.172131	-0.111551	0.825644	-0.077072	0.558903	-0.515504	0.299517	0.802836	-0.229277	-0.950973	0.207563	0.264592	0.189503	-0.166708	-0.024204	-0.996732	-0.077072	-0.954091	0.000008	0.299517	-0.298537	0.080783	-0.950973	
0.300000	0.000000	0.000000	0.000000	0.844227	-0.535986	0.000000	0.535986	0.844227	0.000000	0.000000	0.000000	1.000000	0.000000	0.000000	0.000000	0.805000	-0.254352	0.535986	0.511081	-0.161484	-0.844227	0.301284	0.953534	0.000000	0.148120	0.094039	0.055436	0.821456	0.194755	-0.535986	0.521529	0.123647	0.844227	0.230691	-0.973027	-0.000000	0.270902	0.171991	-0.111516	0.803857	-0.562036	0.194755	-0.588558	-0.798944	0.123647	0.086104	-0.214019	-0.973027	0.270902	0.171991	-0.111516	0.824503	-0.065650	0.562036	-0.520644	0.301029	0.798944	-0.221640	-0.951352	0.214019	0.267094	0.189451	-0.166694	-0.027456	-0.997465	-0.065650	-0.953593	0.006436	0.301029	-0.299844	0.070869	-0.951352	
0.310000	0.000000	0.000000	0.000000	0.846011	-0.533165	0.000000	0.533165	0.846011	0.000000	0.000000	0.000000	1.000000	0.000000	0.000000	0.000000	0.808113	-0.250375	0.533165	0.509282	-0.157789	-0.846011	0.295948	0.955204	0.000000	0.148693	0.093708	0.054454	0.821826	0.200838	-0.533165	0.517924	0.126570	0.846011	0.237394	-0.971413	-0.000000	0.272705	0.171862	-0.111491	0.800269	-0.565008	0.200838	-0.593123	-0.795100	0.126570	0.088173	-0.220412	-0.971413	0.272705	0.171862	-0.111491	0.823293	-0.054351	0.565008	-0.525694	0.302425	0.795100	-0.214087	-0.951622	0.220412	0.269553	0.189402	-0.166685	-0.030610	-0.998053	-0.054351	-0.953088	0.012762	0.302425	-0.301142	0.061059	-0.951622	
0.320000	0.000000	0.000000	0.000000	0.847718	-0.530447	0.000000	0.530447	0.847718	0.000000	0.000000	0.000000	1.000000	0.000000	0.000000	0.000000	0.811138	-0.246336	0.530447	0.507558	-0.154141	-0.847718	0.290587	0.956849	0.000000	0.149249	0.093391	0.053468	0.822096	0.206842	-0.530447	0.514415	0.129429	0.847718	0.243999	-0.969775	-0.000000	0.274466	0.171743	-0.111476	0.796746	-0.567813	0.206842	-0.597546	-0.791320	0.129429	0.090187	-0.226720	-0.969775	0.274466	0.171743	-0.111476	0.822022	-0.043215	0.567813	-0.530639	0.303704	0.791320	-0.206644	-0.951786	0.226720	0.271960	0.189358	-0.166680	-0.033657	-0.998499	-0.043215	-0.952578	0.018965	0.303704	-0.302428	0.051388	-0.951786	
0.330000	0.000000	0.000000	0.000000	0.849345	-0.527838	0.000000	0.527838	0.849345	0.000000	0.000000	0.000000	1.000000	0.000000	0.000000	0.000000	0.814064	-0.242256	0.527838	0.505912	-0.150553	-0.849345	0.285226	0.958460	0.000000	0.149788	0.093088	0.052482	0.822269	0.212744	-0.527838	0.511011	0.132213	0.849345	0.250480	-0.968122	-0.000000	0.276179	0.171636	-0.111471	0.793302	-0.570448	0.212744	-0.601815	-0.787615	0.132213	0.092140	-0.232918	-0.968122	0.276179	0.171636	-0.111471	0.820699	-0.032285	0.570448	-0.535460	0.304868	0.787615	-0.199340	-0.951847	0.232918	0.274307	0.189318	-0.166678	-0.036590	-0.998809	-0.032285	-0.952066	0.025023	0.304868	-0.303697	0.041893	-0.951847	
0.340000	0.000000	0.000000	0.000000	0.850891	-0.525342	0.000000	0.525342	0.850891	0.000000	0.000000	0.000000	1.000000	0.000000	0.000000	0.000000	0.816882	-0.238158	0.525342	0.504345	-0.147039	-0.850891	0.279892	0.960031	0.000000	0.150306	0.092800	0.051500	0.822353	0.218521	-0.525342	0.507723	0.134915	0.850891	0.256814	-0.966461	-0.000000	0.277839	0.171538	-0.111474	0.789950	-0.572912	0.218521	-0.605920	-0.784002	0.134915	0.094026	-0.238982	-0.966461	0.277839	0.171538	-0.111474	0.819332	-0.021603	0.572912	-0.540142	0.305921	0.784002	-0.192203	-0.951812	0.238982	0.276586	0.189282	-0.166679	-0.039402	-0.998990	-0.021603	-0.951555	0.030915	0.305921	-0.304944	0.032610	-0.951812	
0.350000	0.000000	0.000000	0.000000	0.852353	-0.522966	0.000000	0.522966	0.852353	0.000000	0.000000	0.000000	1.000000	0.000000	0.000000	0.000000	0.819585	-0.234067	0.522966	0.502861	-0.143613	-0.852353	0.274612	0.961555	0.000000	0.150804	0.092526	0.050529	0.822353	0.224147	-0.522966	0.504559	0.137527	0.852353	0.262974	-0.964803	-0.000000	0.279439	0.171451	-0.111486	0.786702	-0.575203	0.224147	-0.609849	-0.780494	0.137527	0.095840	-0.244888	-0.964803	0.279439	0.171451	-0.111486	0.817934	-0.011212	0.575203	-0.544668	0.306865	0.780494	-0.185261	-0.951687	0.244888	0.278788	0.189249	-0.166684	-0.042085	-0.999051	-0.011212	-0.951048	0.036619	0.306865	-0.306163	0.023578	-0.951687	
0.360000	0.000000	0.000000	0.000000	0.853731	-0.520714	0.000000	0.520714	0.853731	0.000000	0.000000	0.000000	1.000000	0.000000	0.000000	0.000000	0.822163	-0.230009	0.520714	0.501460	-0.140289	-0.853731	0.269416	0.963024	0.000000	0.151278	0.092269	0.049573	0.822278	0.229599	-0.520714	0.501530	0.140039	0.853731	0.268936	-0.963158	-0.000000	0.280974	0.171374	-0.111506	0.783571	-0.577322	0.229599	-0.613592	-0.777106	0.140039	0.097575	-0.250611	-0.963158	0.280974	0.171374	-0.111506	0.816516	-0.001157	0.577322	-0.549021	0.307705	0.777106	-0.178544	-0.951481	0.250611	0.280907	0.189221	-0.166692	-0.044634	-0.999003	-0.001157	-0.950549	0.042113	0.307705	-0.307349	0.014834	-0.951481	
0.370000	0.000000	0.000000	0.000000	0.855023	-0.518591	0.000000	0.518591	0.855023	0.000000	0.000000	0.000000	1.000000	0.000000	0.000000	0.000000	0.824610	-0.226013	0.518591	0.500145	-0.137082	-0.855023	0.264336	0.964431	0.000000	0.151728	0.092027	0.048638	0.822137	0.234852	-0.518591	0.498644	0.142443	0.855023	0.274673	-0.961538	-0.000000	0.282439	0.171306	-0.111532	0.780571	-0.579270	0.234852	-0.617141	-0.773852	0.142443	0.099228	-0.256123	-0.961538	0.282439	0.171306	-0.111532	0.815091	0.008518	0.579270	-0.553186	0.308446	0.773852	-0.172082	-0.951204	0.256123	0.282933	0.189196	-0.166702	-0.047043	-0.998857	0.008518	-0.950061	0.047376	0.308446	-0.308497	0.006418	-0.951204	
0.380000	0.000000	0.000000	0.000000	0.856227	-0.516599	0.000000	0.516599	0.856227	0.000000	0.000000	0.000000	1.000000	0.000000	0.000000	0.000000	0.826917	-0.222109	0.516599	0.498916	-0.134008	-0.856227	0.259405	0.965769	0.000000	0.152153	0.091800	0.047730	0.821939	0.239879	-0.516599	0.495912	0.144730	0.856227	0.280159	-0.959954	-0.000000	0.283829	0.171246	-0.111564	0.777714	-0.581050	0.239879	-0.620485	-0.770747	0.144730	0.100791	-0.261400	-0.959954	0.283829	0.171246	-0.111564	0.813674	0.017767	0.581050	-0.557145	0.309093	0.770747	-0.165905	-0.950866	0.261400	0.284859	0.189174	-0.166714	-0.049307	-0.998626	0.017767	-0.949588	0.052385	0.309093	-0.309599	-0.001631	-0.950866	
0.390000	0.000000	0.000000	0.000000	0.857344	-0.514745	0.000000	0.514745	0.857344	0.000000	0.000000	0.000000	1.000000	0.000000	0.000000	0.000000	0.829078	-0.218328	0.514745	0.497774	-0.131083	-0.857344	0.254656	0.967032	0.000000	0.152550	0.091590	0.046857	0.821694	0.244656	-0.514745	0.493341	0.146890	0.857344	0.285366	-0.958419	-0.000000	0.285138	0.171195	-0.111601	0.775013	-0.582664	0.244656	-0.623616	-0.767806	0.146890	0.102261	-0.266414	-0.958419	0.285138	0.171195	-0.111601	0.812279	0.026545	0.582664	-0.560882	0.309654	0.767806	-0.160043	-0.950479	0.266414	0.286677	0.189155	-0.166728	-0.051419	-0.998324	0.026545	-0.949132	0.057118	0.309654	-0.310651	-0.009272	-0.950479	
0.400000	0.000000	0.000000	0.000000	0.858371	-0.513030	0.000000	0.513030	0.858371	0.000000	0.000000	0.000000	1.000000	0.000000	0.000000	0.000000	0.831086	-0.214702	0.513030	0.496722	-0.128323	-0.858371	0.250127	0.968213	0.000000	0.152920	0.091397	0.046023	0.821414	0.249156	-0.513030	0.490942	0.148915	0.858371	0.290267	-0.956946	-0.000000	0.286360	0.171151	-0.111641	0.772482	-0.584117	0.249156	-0.626524	-0.765044	0.148915	0.103631	-0.271137	-0.956946	0.286360	0.171151	-0.111641	0.810923	0.034804	0.584117	-0.564381	0.310133	0.765044	-0.154527	-0.950056	0.271137	0.288379	0.189139	-0.166744	-0.053374	-0.997968	0.034804	-0.948698	0.061555	0.310133	-0.311645	-0.016466	-0.950056	
0.410000	0.000000	0.000000	0.000000	0.859308	-0.511459	0.000000	0.511459	0.859308	0.000000	0.000000	0.000000	1.000000	0.000000	0.000000	0.000000	0.832933	-0.211264	0.511459	0.495761	-0.125744	-0.859308	0.245853	0.969307	0.000000	0.153260	0.091220	0.045237	0.821110	0.253353	-0.511459	0.488724	0.150795	0.859308	0.294834	-0.955549	-0.000000	0.287491	0.171114	-0.111683	0.770132	-0.585414	0.253353	-0.629201	-0.762474	0.150795	0.104897	-0.275542	-0.955549	0.287491	0.171114	-0.111683	0.809620	0.042499	0.585414	-0.567625	0.310539	0.762474	-0.149389	-0.949610	0.275542	0.289956	0.189126	-0.166760	-0.055169	-0.997572	0.042499	-0.948289	0.065673	0.310539	-0.312576	-0.023169	-0.949610	
0.420000	0.000000	0.000000	0.000000	0.860153	-0.510035	0.000000	0.510035	0.860153	0.000000	0.000000	0.000000	1.000000	0.000000	0.000000	0.000000	0.834613	-0.208048	0.510035	0.494891	-0.123364	-0.860153	0.241874	0.970308	0.000000	0.153569	0.091060	0.044505	0.820793	0.257220	-0.510035	0.486697	0.152521	0.860153	0.299039	-0.954241	-0.000000	0.288526	0.171084	-0.111725	0.767977	-0.586558	0.257220	-0.631636	-0.760114	0.152521	0.106054	-0.279601	-0.954241	0.288526	0.171084	-0.111725	0.808388	0.049582	0.586558	-0.570598	0.310878	0.760114	-0.144660	-0.949156	0.279601	0.291401	0.189115	-0.166776	-0.056797	-0.997154	0.049582	-0.947909	0.069450	0.310878	-0.313437	-0.029342	-0.949156	
0.430000	0.000000	0.000000	0.000000	0.860907	-0.508763	0.000000	0.508763	0.860907	0.000000	0.000000	0.000000	1.000000	0.000000	0.000000	0.000000	0.836121	-0.205090	0.508763	0.494115	-0.121200	-0.860907	0.238226	0.971210	0.000000	0.153846	0.090917	0.043834	0.820476	0.260729	-0.508763	0.484870	0.154081	0.860907	0.302854	-0.953037	-0.000000	0.289458	0.171059	-0.111768	0.766028	-0.587555	0.260729	-0.633823	-0.757976	0.154081	0.107096	-0.283287	-0.953037	0.289458	0.171059	-0.111768	0.807244	0.056005	0.587555	-0.573283	0.311157	0.757976	-0.140371	-0.948707	0.283287	0.292707	0.189106	-0.166793	-0.058255	-0.996730	0.056005	-0.947561	0.072865	0.311157	-0.314220	-0.034942	-0.948707	
0.440000	0.000000	0.000000	0.000000	0.861567	-0.507645	0.000000	0.507645	0.861567	0.000000	0.000000	0.000000	1.000000	0.000000	0.000000	0.000000	0.837450	-0.202423	0.507645	0.493435	-0.119270	-0.861567	0.234948	0.972008	0.000000	0.154091	0.090792	0.043230	0.820169	0.263855	-0.507645	0.483253	0.155467	0.861567	0.306251	-0.951951	-0.000000	0.290284	0.171038	-0.111808	0.764300	-0.588410	0.263855	-0.635750	-0.756077	0.155467	0.108017	-0.286569	-0.951951	0.290284	0.171038	-0.111808	0.806204	0.061722	0.588410	-0.575664	0.311383	0.756077	-0.136554	-0.948278	0.286569	0.293864	0.189099	-0.166808	-0.059536	-0.996316	0.061722	-0.947249	0.075894	0.311383	-0.314920	-0.039928	-0.948278	
0.450000	0.000000	0.000000	0.000000	0.862131	-0.506685	0.000000	0.506685	0.862131	0.000000	0.000000	0.000000	1.000000	0.000000	0.000000	0.000000	0.838592	-0.200082	0.506685	0.492851	-0.117591	-0.862131	0.232078	0.972697	0.000000	0.154301	0.090685	0.042702	0.819884	0.266571	-0.506685	0.481856	0.156667	0.862131	0.309200	-0.950997	-0.000000	0.290997	0.171023	-0.111845	0.762803	-0.589127	0.266571	-0.637410	-0.754430	0.156667	0.108812	-0.289421	-0.950997	0.290997	0.171023	-0.111845	0.805284	0.066685	0.589127	-0.577724	0.311562	0.754430	-0.133241	-0.947883	0.289421	0.294865	0.189093	-0.166823	-0.060637	-0.995930	0.066685	-0.946976	0.078518	0.311562	-0.315530	-0.044257	-0.947883	
0.460000	0.000000	0.000000	0.000000	0.862599	-0.505888	0.000000	0.505888	0.862599	0.000000	0.000000	0.000000	1.000000	0.000000	0.000000	0.000000	0.839544	-0.198100	0.505888	0.492367	-0.116180	-0.862599	0.229655	0.973272	0.000000	0.154476	0.090596	0.042256	0.819632	0.268850	-0.505888	0.480689	0.157672	0.862599	0.311674	-0.950189	-0.000000	0.291593	0.171010	-0.111878	0.761551	-0.589711	0.268850	-0.638791	-0.753050	0.157672	0.109476	-0.291815	-0.950189	0.291593	0.171010	-0.111878	0.804501	0.070847	0.589711	-0.579446	0.311700	0.753050	-0.130462	-0.947536	0.291815	0.295702	0.189089	-0.166835	-0.061551	-0.995586	0.070847	-0.946746	0.080713	0.311700	-0.316042	-0.047888	-0.947536	
0.470000	0.000000	0.000000	0.000000	0.862968	-0.505259	0.000000	0.505259	0.862968	0.000000	0.000000	0.000000	1.000000	0.000000	0.000000	0.000000	0.840296	-0.196509	0.505259	0.491985	-0.115054	-0.862968	0.227713	0.973728	0.000000	0.154615	0.090525	0.041899	0.819423	0.270666	-0.505259	0.479764	0.158472	0.862968	0.313646	-0.949540	-0.000000	0.292066	0.171001	-0.111905	0.760556	-0.590164	0.270666	-0.639885	-0.751953	0.158472	0.110003	-0.293722	-0.949540	0.292066	0.171001	-0.111905	0.803869	0.074162	0.590164	-0.580815	0.311802	0.751953	-0.128248	-0.947248	0.293722	0.296367	0.189086	-0.166846	-0.062274	-0.995300	0.074162	-0.946562	0.082457	0.311802	-0.316452	-0.050781	-0.947248	
0.480000	0.000000	0.000000	0.000000	0.863235	-0.504802	0.000000	0.504802	0.863235	0.000000	0.000000	0.000000	1.000000	0.000000	0.000000	0.000000	0.840843	-0.195339	0.504802	0.491708	-0.114230	-0.863235	0.226287	0.974061	0.000000	0.154715	0.090474	0.041637	0.819265	0.271994	-0.504802	0.479089	0.159056	0.863235	0.315086	-0.949063	-0.000000	0.292410	0.170995	-0.111926	0.759830	-0.590489	0.271994	-0.640681	-0.751152	0.159056	0.110388	-0.295117	-0.949063	0.292410	0.170995	-0.111926	0.803404	0.076584	0.590489	-0.581813	0.311872	0.751152	-0.126631	-0.947033	0.295117	0.296852	0.189084	-0.166853	-0.062798	-0.995084	0.076584	-0.946427	0.083730	0.311872	-0.316751	-0.052896	-0.947033	
0.490000	0.000000	0.000000	0.000000	0.863398	-0.504523	0.000000	0.504523	0.863398	0.000000	0.000000	0.000000	1.000000	0.000000	0.000000	0.000000	0.841178	-0.194619	0.504523	0.491539	-0.113725	-0.863398	0.225410	0.974264	0.000000	0.154777	0.090443	0.041476	0.819166	0.272808	-0.504523	0.478676	0.159414	0.863398	0.315970	-0.948769	-0.000000	0.292621	0.170992	-0.111938	0.759386	-0.590685	0.272808	-0.641167	-0.750661	0.159414	0.110623	-0.295972	-0.948769	0.292621	0.170992	-0.111938	0.803117	0.078069	0.590685	-0.582424	0.311914	0.750661	-0.125640	-0.946898	0.295972	0.297149	0.189083	-0.166858	-0.063119	-0.994948	0.078069	-0.946345	0.084509	0.311914	-0.316935	-0.054192	-0.946898	
0.500000	0.000000	0.000000	0.000000	0.863453	-0.504429	0.000000	0.504429	0.863453	0.000000	0.000000	0.000000	1.000000	0.000000	0.000000	0.000000	0.841291	-0.194374	0.504429	0.491481	-0.113553	-0.863453	0.225112	0.974333	0.000000	0.154798	0.090433	0.041421	0.819132	0.273084	-0.504429	0.478536	0.159536	0.863453	0.316270	-0.948669	-0.000000	0.292693	0.170991	-0.111943	0.759235	-0.590751	0.273084	-0.641332	-0.750494	0.159536	0.110702	-0.296263	-0.948669	0.292693	0.170991	-0.111943	0.803019	0.078573	0.590751	-0.582632	0.311927	0.750494	-0.125303	-0.946851	0.296263	0.297250	0.189083	-0.166860	-0.063227	-0.994901	0.078573	-0.946316	0.084774	0.311927	-0.316998	-0.054633	-0.946851	
0.510000	0.000000	0.000000	0.000000	0.863301	-0.504690	0.000000	0.504690	0.863301	0.000000	0.000000	0.000000	1.000000	0.000000	0.000000	0.000000	0.841185	-0.194157	0.504690	0.491760	-0.113505	-0.863301	0.224900	0.974382	0.000000	0.154778	0.090484	0.041382	0.818927	0.273215	-0.504690	0.478749	0.159723	0.863301	0.316477	-0.948600	-0.000000	0.292678	0.171101	-0.111947	0.759368	-0.590520	0.273215	-0.641166	-0.750597	0.159723	0.110755	-0.296464	-0.948600	0.292678	0.171101	-0.111947	0.803173	0.078735	0.590520	-0.582451	0.312018	0.750597	-0.125154	-0.946808	0.296464	0.297244	0.189198	-0.166862	-0.062949	-0.994906	0.078735	-0.946305	0.084567	0.312018	-0.317087	-0.054866	-0.946808	
0.520000	0.000000	0.000000	0.000000	0.862851	-0.505459	0.000000	0.505459	0.862851	0.000000	0.000000	0.000000	1.000000	0.000000	0.000000	0.000000	0.840870	-0.193518	0.505459	0.492582	-0.113363	-0.862851	0.224277	0.974525	0.000000	0.154720	0.090635	0.041267	0.818325	0.273599	-0.505459	0.479375	0.160274	0.862851	0.317087	-0.948396	-0.000000	0.292633	0.171425	-0.111959	0.759759	-0.589839	0.273599	-0.640676	-0.750897	0.160274	0.110908	-0.297058	-0.948396	0.292633	0.171425	-0.111959	0.803626	0.079213	0.589839	-0.581919	0.312287	0.750897	-0.124718	-0.946679	0.297058	0.297227	0.189537	-0.166866	-0.062131	-0.994920	0.079213	-0.946271	0.083957	0.312287	-0.317351	-0.055554	-0.946679	
0.530000	0.000000	0.000000	0.000000	0.862115	-0.506712	0.000000	0.506712	0.862115	0.000000	0.000000	0.000000	1.000000	0.000000	0.000000	0.000000	0.840355	-0.192472	0.506712	0.493923	-0.113127	-0.862115	0.223256	0.974760	0.000000	0.154625	0.090882	0.041079	0.817339	0.274226	-0.506712	0.480395	0.161178	0.862115	0.318085	-0.948062	-0.000000	0.292560	0.171953	-0.111978	0.760395	-0.588727	0.274226	-0.639877	-0.751385	0.161178	0.111160	-0.298029	-0.948062	0.292560	0.171953	-0.111978	0.804364	0.079997	0.588727	-0.581053	0.312728	0.751385	-0.124003	-0.946468	0.298029	0.297199	0.190091	-0.166873	-0.060797	-0.994939	0.079997	-0.946213	0.082964	0.312728	-0.317782	-0.056681	-0.946468	
0.540000	0.000000	0.000000	0.000000	0.861105	-0.508427	0.000000	0.508427	0.861105	0.000000	0.000000	0.000000	1.000000	0.000000	0.000000	0.000000	0.839647	-0.191035	0.508427	0.495757	-0.112794	-0.861105	0.221849	0.975081	0.000000	0.154495	0.091219	0.040820	0.815984	0.275086	-0.508427	0.481785	0.162420	0.861105	0.319457	-0.947601	-0.000000	0.292458	0.172678	-0.112005	0.761263	-0.587202	0.275086	-0.638785	-0.752046	0.162420	0.111504	-0.299365	-0.947601	0.292458	0.172678	-0.112005	0.805369	0.081079	0.587202	-0.579868	0.313335	0.752046	-0.123016	-0.946175	0.299365	0.297161	0.190851	-0.166884	-0.058971	-0.994962	0.081079	-0.946129	0.081610	0.313335	-0.318373	-0.058233	-0.946175	
0.550000	0.000000	0.000000	0.000000	0.859832	-0.510577	0.000000	0.510577	0.859832	0.000000	0.000000	0.000000	1.000000	0.000000	0.000000	0.000000	0.838753	-0.189220	0.510577	0.498060	-0.112361	-0.859832	0.220066	0.975485	0.000000	0.154331	0.091643	0.040492	0.814274	0.276170	-0.510577	0.483524	0.163992	0.859832	0.321190	-0.947015	-0.000000	0.292330	0.173589	-0.112040	0.762347	-0.585283	0.276170	-0.637414	-0.752868	0.163992	0.111937	-0.301053	-0.947015	0.292330	0.173589	-0.112040	0.806626	0.082451	0.585283	-0.578384	0.314105	0.752868	-0.121765	-0.945801	0.301053	0.297112	0.191807	-0.166897	-0.056677	-0.994982	0.082451	-0.946019	0.079917	0.314105	-0.319118	-0.060198	-0.945801	
0.560000	0.000000	0.000000	0.000000	0.858306	-0.513138	0.000000	0.513138	0.858306	0.000000	0.000000	0.000000	1.000000	0.000000	0.000000	0.000000	0.837678	-0.187040	0.513138	0.500806	-0.111822	-0.858306	0.217918	0.975967	0.000000	0.154133	0.092148	0.040097	0.812220	0.277466	-0.513138	0.485586	0.165883	0.858306	0.323272	-0.946306	-0.000000	0.292175	0.174677	-0.112082	0.763634	-0.582989	0.277466	-0.635781	-0.753834	0.165883	0.112455	-0.303082	-0.946306	0.292175	0.174677	-0.112082	0.808115	0.084110	0.582989	-0.576619	0.315033	0.753834	-0.120256	-0.945347	0.303082	0.297053	0.192949	-0.166912	-0.053942	-0.994995	0.084110	-0.945878	0.077910	0.315033	-0.320009	-0.062564	-0.945347	
0.570000	0.000000	0.000000	0.000000	0.856538	-0.516084	0.000000	0.516084	0.856538	0.000000	0.000000	0.000000	1.000000	0.000000	0.000000	0.000000	0.836429	-0.184507	0.516084	0.503969	-0.111170	-0.856538	0.215410	0.976524	0.000000	0.153903	0.092730	0.039636	0.809836	0.278966	-0.516084	0.487946	0.168084	0.856538	0.325690	-0.945477	-0.000000	0.291993	0.175933	-0.112132	0.765105	-0.580338	0.278966	-0.633903	-0.754927	0.168084	0.113054	-0.305439	-0.945477	0.291993	0.175933	-0.112132	0.809817	0.086049	0.580338	-0.574592	0.316115	0.754927	-0.118493	-0.944810	0.305439	0.296984	0.194268	-0.166931	-0.050791	-0.994995	0.086049	-0.945703	0.075614	0.316115	-0.321040	-0.065321	-0.944810	
