# time	B0_r_i(1)	B0_r_i(2)	B0_r_i(3)	0_A_i(1,1)	0_A_i(1,2)	0_A_i(1,3)	0_A_i(2,1)	...
0.000000	0.000000	0.000000	0.000000	0.789785	-0.613384	0.000000	0.613384	0.789785	0.000000	0.000000	0.000000	1.000000	0.000000	0.000000	0.000000	0.726983	-0.308637	0.613384	0.564609	-0.239702	-0.789785	0.390786	0.920482	0.000000	0.133765	0.103888	0.071905	0.786776	0.068872	-0.613384	0.611047	0.053489	0.789785	0.087203	-0.996191	-0.000000	0.228302	0.177310	-0.114367	0.882166	-0.465876	0.068872	-0.469578	-0.881269	0.053489	0.035775	-0.079527	-0.996191	0.228302	0.177310	-0.114367	0.830853	-0.304372	0.465876	-0.404760	0.243996	0.881269	-0.381906	-0.920773	0.079527	0.210648	0.191461	-0.167772	0.056891	-0.950853	-0.304372	-0.960255	-0.135558	0.243996	-0.273264	0.278394	-0.920773	
0.010000	0.000000	0.000000	0.000000	0.789903	-0.613232	0.000000	0.613232	0.789903	0.000000	0.000000	0.000000	1.000000	0.000000	0.000000	0.000000	0.727127	-0.308598	0.613232	0.564497	-0.239577	-0.789903	0.390679	0.920527	0.000000	0.133791	0.103867	0.071885	0.786879	0.069055	-0.613232	0.610884	0.053610	0.789903	0.087422	-0.996171	-0.000000	0.228375	0.177296	-0.114360	0.882043	-0.466082	0.069055	-0.469803	-0.881142	0.053610	0.035860	-0.079728	-0.996171	0.228375	0.177296	-0.114360	0.830870	-0.304010	0.466082	-0.404957	0.244129	0.881142	-0.381660	-0.920858	0.079728	0.210742	0.191455	-0.167770	0.056727	-0.950978	-0.304010	-0.960254	-0.135324	0.244129	-0.273301	0.278079	-0.920858	
0.020000	0.000000	0.000000	0.000000	0.790228	-0.612813	0.000000	0.612813	0.790228	0.000000	0.000000	0.000000	1.000000	0.000000	0.000000	0.000000	0.727524	-0.308496	0.612813	0.564186	-0.239235	-0.790228	0.390388	0.920650	0.000000	0.133864	0.103810	0.071831	0.787159	0.069579	-0.612813	0.610432	0.053958	0.790228	0.088050	-0.996116	-0.000000	0.228579	0.177261	-0.114338	0.881700	-0.466651	0.069579	-0.470427	-0.880788	0.053958	0.036105	-0.080307	-0.996116	0.228579	0.177261	-0.114338	0.830924	-0.302989	0.466651	-0.405498	0.244509	0.880788	-0.380969	-0.921093	0.080307	0.211006	0.191442	-0.167762	0.056276	-0.951331	-0.302989	-0.960249	-0.134677	0.244509	-0.273414	0.277185	-0.921093	
0.030000	0.000000	0.000000	0.000000	0.790759	-0.612128	0.000000	0.612128	0.790759	0.000000	0.000000	0.000000	1.000000	0.000000	0.000000	0.000000	0.728173	-0.308325	0.612128	0.563679	-0.238675	-0.790759	0.389910	0.920853	0.000000	0.133984	0.103717	0.071744	0.787615	0.070439	-0.612128	0.609694	0.054527	0.790759	0.089077	-0.996025	-0.000000	0.228914	0.177203	-0.114302	0.881139	-0.467581	0.070439	-0.471446	-0.880208	0.054527	0.036505	-0.081253	-0.996025	0.228914	0.177203	-0.114302	0.831009	-0.301317	0.467581	-0.406382	0.245127	0.880208	-0.379838	-0.921478	0.081253	0.211438	0.191420	-0.167748	0.055540	-0.951905	-0.301317	-0.960239	-0.133619	0.245127	-0.273600	0.275721	-0.921478	
0.040000	0.000000	0.000000	0.000000	0.791484	-0.611190	0.000000	0.611190	0.791484	0.000000	0.000000	0.000000	1.000000	0.000000	0.000000	0.000000	0.729061	-0.308085	0.611190	0.562987	-0.237906	-0.791484	0.389250	0.921132	0.000000	0.134147	0.103590	0.071622	0.788237	0.071621	-0.611190	0.608682	0.055306	0.791484	0.090489	-0.995897	-0.000000	0.229373	0.177124	-0.114253	0.880368	-0.468852	0.071621	-0.472841	-0.879410	0.055306	0.037054	-0.082555	-0.995897	0.229373	0.177124	-0.114253	0.831124	-0.299017	0.468852	-0.407597	0.245972	0.879410	-0.378283	-0.922001	0.082555	0.212030	0.191390	-0.167730	0.054533	-0.952688	-0.299017	-0.960224	-0.132166	0.245972	-0.273855	0.273709	-0.922001	
0.050000	0.000000	0.000000	0.000000	0.792392	-0.610012	0.000000	0.610012	0.792392	0.000000	0.000000	0.000000	1.000000	0.000000	0.000000	0.000000	0.730179	-0.307773	0.610012	0.562118	-0.236935	-0.792392	0.388410	0.921487	0.000000	0.134353	0.103430	0.071467	0.789012	0.073115	-0.610012	0.607410	0.056287	0.792392	0.092272	-0.995734	-0.000000	0.229952	0.177025	-0.114192	0.879395	-0.470446	0.073115	-0.474595	-0.878403	0.056287	0.037745	-0.084199	-0.995734	0.229952	0.177025	-0.114192	0.831263	-0.296112	0.470446	-0.409128	0.247029	0.878403	-0.376319	-0.922656	0.084199	0.212777	0.191353	-0.167706	0.053267	-0.953667	-0.296112	-0.960203	-0.130334	0.247029	-0.274177	0.271169	-0.922656	
0.060000	0.000000	0.000000	0.000000	0.793471	-0.608608	0.000000	0.608608	0.793471	0.000000	0.000000	0.000000	1.000000	0.000000	0.000000	0.000000	0.731513	-0.307386	0.608608	0.561084	-0.235771	-0.793471	0.387393	0.921915	0.000000	0.134598	0.103239	0.071280	0.789927	0.074912	-0.608608	0.605889	0.057459	0.793471	0.094410	-0.995533	-0.000000	0.230644	0.176908	-0.114120	0.878226	-0.472342	0.074912	-0.476688	-0.877193	0.057459	0.038572	-0.086171	-0.995533	0.230644	0.176908	-0.114120	0.831423	-0.292624	0.472342	-0.410960	0.248283	0.877193	-0.373962	-0.923432	0.086171	0.213671	0.191308	-0.167679	0.051757	-0.954826	-0.292624	-0.960175	-0.128138	0.248283	-0.274563	0.268120	-0.923432	
0.070000	0.000000	0.000000	0.000000	0.794709	-0.606991	0.000000	0.606991	0.794709	0.000000	0.000000	0.000000	1.000000	0.000000	0.000000	0.000000	0.733051	-0.306918	0.606991	0.559897	-0.234421	-0.794709	0.386201	0.922415	0.000000	0.134881	0.103021	0.071061	0.790970	0.076999	-0.606991	0.604135	0.058811	0.794709	0.096890	-0.995295	-0.000000	0.231443	0.176774	-0.114037	0.876870	-0.474521	0.076999	-0.479100	-0.875788	0.058811	0.039528	-0.088460	-0.995295	0.231443	0.176774	-0.114037	0.831598	-0.288575	0.474521	-0.413081	0.249718	0.875788	-0.371227	-0.924319	0.088460	0.214706	0.191258	-0.167648	0.050019	-0.956150	-0.288575	-0.960139	-0.125594	0.249718	-0.275011	0.264581	-0.924319	
0.080000	0.000000	0.000000	0.000000	0.796092	-0.605175	0.000000	0.605175	0.796092	0.000000	0.000000	0.000000	1.000000	0.000000	0.000000	0.000000	0.734782	-0.306364	0.605175	0.558568	-0.232893	-0.796092	0.384835	0.922985	0.000000	0.135200	0.102776	0.070810	0.792126	0.079368	-0.605175	0.602160	0.060334	0.796092	0.099697	-0.995018	-0.000000	0.232345	0.176624	-0.113945	0.875334	-0.476960	0.079368	-0.481810	-0.874196	0.060334	0.040606	-0.091053	-0.995018	0.232345	0.176624	-0.113945	0.831782	-0.283986	0.476960	-0.415476	0.251318	0.874196	-0.368128	-0.925306	0.091053	0.215874	0.191201	-0.167613	0.048066	-0.957623	-0.283986	-0.960093	-0.122719	0.251318	-0.275519	0.260573	-0.925306	
0.090000	0.000000	0.000000	0.000000	0.797609	-0.603175	0.000000	0.603175	0.797609	0.000000	0.000000	0.000000	1.000000	0.000000	0.000000	0.000000	0.736692	-0.305720	0.603175	0.557108	-0.231195	-0.797609	0.383296	0.923626	0.000000	0.135551	0.102508	0.070526	0.793381	0.082008	-0.603175	0.599979	0.062017	0.797609	0.102818	-0.994700	-0.000000	0.233343	0.176461	-0.113845	0.873626	-0.479638	0.082008	-0.484799	-0.872424	0.062017	0.041800	-0.093937	-0.994700	0.233343	0.176461	-0.113845	0.831971	-0.278877	0.479638	-0.418131	0.253067	0.872424	-0.364680	-0.926382	0.093937	0.217168	0.191139	-0.167575	0.045914	-0.959229	-0.278877	-0.960036	-0.119528	0.253067	-0.276083	0.256113	-0.926382	
0.100000	0.000000	0.000000	0.000000	0.799245	-0.601006	0.000000	0.601006	0.799245	0.000000	0.000000	0.000000	1.000000	0.000000	0.000000	0.000000	0.738769	-0.304978	0.601006	0.555530	-0.229334	-0.799245	0.381583	0.924334	0.000000	0.135934	0.102218	0.070211	0.794721	0.084911	-0.601006	0.597604	0.063850	0.799245	0.106239	-0.994341	-0.000000	0.234432	0.176285	-0.113737	0.871752	-0.482533	0.084911	-0.488047	-0.870479	0.063850	0.043103	-0.097102	-0.994341	0.234432	0.176285	-0.113737	0.832157	-0.273271	0.482533	-0.421032	0.254949	0.870479	-0.360898	-0.927537	0.097102	0.218583	0.191072	-0.167534	0.043579	-0.960949	-0.273271	-0.959967	-0.116036	0.254949	-0.276702	0.251221	-0.927537	
0.110000	0.000000	0.000000	0.000000	0.800988	-0.598681	0.000000	0.598681	0.800988	0.000000	0.000000	0.000000	1.000000	0.000000	0.000000	0.000000	0.741002	-0.304134	0.598681	0.553846	-0.227318	-0.800988	0.379698	0.925110	0.000000	0.136344	0.101908	0.069864	0.796132	0.088065	-0.598681	0.595051	0.065822	0.800988	0.109945	-0.993938	-0.000000	0.235607	0.176099	-0.113623	0.869721	-0.485623	0.088065	-0.491532	-0.868368	0.065822	0.044508	-0.100533	-0.993938	0.235607	0.176099	-0.113623	0.832335	-0.267187	0.485623	-0.424164	0.256946	0.868368	-0.356796	-0.928757	0.100533	0.220110	0.191002	-0.167491	0.041075	-0.962769	-0.267187	-0.959884	-0.112259	0.256946	-0.277373	0.245915	-0.928757	
0.120000	0.000000	0.000000	0.000000	0.802825	-0.596215	0.000000	0.596215	0.802825	0.000000	0.000000	0.000000	1.000000	0.000000	0.000000	0.000000	0.743378	-0.303179	0.596215	0.552066	-0.225155	-0.802825	0.377640	0.925952	0.000000	0.136782	0.101580	0.069486	0.797598	0.091461	-0.596215	0.592333	0.067923	0.802825	0.113924	-0.993489	-0.000000	0.236860	0.175903	-0.113504	0.867540	-0.488886	0.091461	-0.495235	-0.866100	0.067923	0.046008	-0.104221	-0.993489	0.236860	0.175903	-0.113504	0.832498	-0.260648	0.488886	-0.427515	0.259041	0.866100	-0.352388	-0.930033	0.104221	0.221743	0.190928	-0.167446	0.038418	-0.964669	-0.260648	-0.959785	-0.108214	0.259041	-0.278095	0.240214	-0.930033	
0.130000	0.000000	0.000000	0.000000	0.804744	-0.593622	0.000000	0.593622	0.804744	0.000000	0.000000	0.000000	1.000000	0.000000	0.000000	0.000000	0.745884	-0.302109	0.593622	0.550204	-0.222852	-0.804744	0.375410	0.926859	0.000000	0.137243	0.101238	0.069075	0.799106	0.095089	-0.593622	0.589463	0.070143	0.804744	0.118161	-0.992994	-0.000000	0.238188	0.175700	-0.113381	0.865216	-0.492300	0.095089	-0.499135	-0.863681	0.070143	0.047595	-0.108151	-0.992994	0.238188	0.175700	-0.113381	0.832641	-0.253673	0.492300	-0.431069	0.261219	0.863681	-0.347690	-0.931351	0.108151	0.223475	0.190851	-0.167399	0.035622	-0.966634	-0.253673	-0.959670	-0.103917	0.261219	-0.278864	0.234137	-0.931351	
0.140000	0.000000	0.000000	0.000000	0.806733	-0.590917	0.000000	0.590917	0.806733	0.000000	0.000000	0.000000	1.000000	0.000000	0.000000	0.000000	0.748509	-0.300917	0.590917	0.548269	-0.220416	-0.806733	0.373007	0.927829	0.000000	0.137726	0.100882	0.068633	0.800643	0.098939	-0.590917	0.586456	0.072471	0.806733	0.122642	-0.992451	-0.000000	0.239584	0.175491	-0.113255	0.862757	-0.495843	0.098939	-0.503212	-0.861119	0.072471	0.049264	-0.112312	-0.992451	0.239584	0.175491	-0.113255	0.832756	-0.246285	0.495843	-0.434813	0.263462	0.861119	-0.342716	-0.932701	0.112312	0.225299	0.190772	-0.167352	0.032702	-0.968646	-0.246285	-0.959537	-0.099382	0.263462	-0.279678	0.227703	-0.932701	
0.150000	0.000000	0.000000	0.000000	0.808779	-0.588113	0.000000	0.588113	0.808779	0.000000	0.000000	0.000000	1.000000	0.000000	0.000000	0.000000	0.751242	-0.299598	0.588113	0.546274	-0.217856	-0.808779	0.370432	0.928860	0.000000	0.138229	0.100514	0.068160	0.802193	0.103000	-0.588113	0.583324	0.074898	0.808779	0.127353	-0.991857	-0.000000	0.241042	0.175277	-0.113127	0.860172	-0.499495	0.103000	-0.507447	-0.858422	0.074898	0.051007	-0.116692	-0.991857	0.241042	0.175277	-0.113127	0.832839	-0.238505	0.499495	-0.438732	0.265756	0.858422	-0.337482	-0.934071	0.116692	0.227209	0.190691	-0.167303	0.029674	-0.970688	-0.238505	-0.959385	-0.094627	0.265756	-0.280535	0.220932	-0.934071	
0.160000	0.000000	0.000000	0.000000	0.810871	-0.585224	0.000000	0.585224	0.810871	0.000000	0.000000	0.000000	1.000000	0.000000	0.000000	0.000000	0.754070	-0.298146	0.585224	0.544229	-0.215179	-0.810871	0.367686	0.929950	0.000000	0.138749	0.100138	0.067654	0.803746	0.107262	-0.585224	0.580082	0.077413	0.810871	0.132280	-0.991212	-0.000000	0.242558	0.175060	-0.112999	0.857467	-0.503234	0.107262	-0.511821	-0.855597	0.077413	0.052816	-0.121278	-0.991212	0.242558	0.175060	-0.112999	0.832881	-0.230356	0.503234	-0.442813	0.268085	0.855597	-0.332001	-0.935450	0.121278	0.229197	0.190609	-0.167255	0.026551	-0.972744	-0.230356	-0.959213	-0.089667	0.268085	-0.281433	0.213842	-0.935450	
0.170000	0.000000	0.000000	0.000000	0.813000	-0.582264	0.000000	0.582264	0.813000	0.000000	0.000000	0.000000	1.000000	0.000000	0.000000	0.000000	0.756982	-0.296557	0.582264	0.542145	-0.212392	-0.813000	0.364769	0.931098	0.000000	0.139285	0.099755	0.067118	0.805288	0.111713	-0.582264	0.576741	0.080008	0.813000	0.137409	-0.990514	-0.000000	0.244125	0.174841	-0.112870	0.854652	-0.507041	0.111713	-0.516313	-0.852654	0.080008	0.054685	-0.126058	-0.990514	0.244125	0.174841	-0.112870	0.832879	-0.221860	0.507041	-0.447042	0.270434	0.852654	-0.326290	-0.936826	0.126058	0.231257	0.190526	-0.167206	0.023347	-0.974799	-0.221860	-0.959021	-0.084518	0.270434	-0.282370	0.206454	-0.936826	
0.180000	0.000000	0.000000	0.000000	0.815153	-0.579246	0.000000	0.579246	0.815153	0.000000	0.000000	0.000000	1.000000	0.000000	0.000000	0.000000	0.759968	-0.294827	0.579246	0.540031	-0.209504	-0.815153	0.361683	0.932301	0.000000	0.139834	0.099366	0.066550	0.806808	0.116342	-0.579246	0.573316	0.082673	0.815153	0.142724	-0.989762	-0.000000	0.245738	0.174621	-0.112743	0.851734	-0.510895	0.116342	-0.520907	-0.849600	0.082673	0.056608	-0.131019	-0.989762	0.245738	0.174621	-0.112743	0.832827	-0.213040	0.510895	-0.451404	0.272789	0.849600	-0.320365	-0.938190	0.131019	0.233382	0.190443	-0.167158	0.020075	-0.976837	-0.213040	-0.958809	-0.079198	0.272789	-0.283342	0.198788	-0.938190	
0.190000	0.000000	0.000000	0.000000	0.817322	-0.576181	0.000000	0.576181	0.817322	0.000000	0.000000	0.000000	1.000000	0.000000	0.000000	0.000000	0.763016	-0.292953	0.576181	0.537898	-0.206521	-0.817322	0.358431	0.933556	0.000000	0.140395	0.098973	0.065951	0.808295	0.121137	-0.576181	0.569818	0.085397	0.817322	0.148213	-0.988956	-0.000000	0.247392	0.174402	-0.112618	0.848723	-0.514777	0.121137	-0.525584	-0.846445	0.085397	0.058576	-0.136147	-0.988956	0.247392	0.174402	-0.112618	0.832719	-0.203920	0.514777	-0.455886	0.275136	0.846445	-0.314241	-0.939530	0.136147	0.235565	0.190360	-0.167111	0.016750	-0.978844	-0.203920	-0.958575	-0.073722	0.275136	-0.284349	0.190865	-0.939530	
0.200000	0.000000	0.000000	0.000000	0.819497	-0.573083	0.000000	0.573083	0.819497	0.000000	0.000000	0.000000	1.000000	0.000000	0.000000	0.000000	0.766116	-0.290933	0.573083	0.535753	-0.203452	-0.819497	0.355014	0.934861	0.000000	0.140965	0.098579	0.065323	0.809739	0.126087	-0.573083	0.566259	0.088174	0.819497	0.153858	-0.988093	-0.000000	0.249081	0.174185	-0.112496	0.845626	-0.518671	0.126087	-0.530327	-0.843196	0.088174	0.060583	-0.141429	-0.988093	0.249081	0.174185	-0.112496	0.832551	-0.194525	0.518671	-0.460473	0.277464	0.843196	-0.307935	-0.940837	0.141429	0.237799	0.190278	-0.167065	0.013383	-0.980806	-0.194525	-0.958319	-0.068106	0.277464	-0.285386	0.182704	-0.940837	
0.210000	0.000000	0.000000	0.000000	0.821670	-0.569963	0.000000	0.569963	0.821670	0.000000	0.000000	0.000000	1.000000	0.000000	0.000000	0.000000	0.769258	-0.288764	0.569963	0.533606	-0.200305	-0.821670	0.351435	0.936212	0.000000	0.141543	0.098184	0.064664	0.811132	0.131177	-0.569963	0.562653	0.090993	0.821670	0.159647	-0.987174	-0.000000	0.250801	0.173971	-0.112378	0.842453	-0.522557	0.131177	-0.535119	-0.839862	0.090993	0.062622	-0.146852	-0.987174	0.250801	0.173971	-0.112378	0.832318	-0.184879	0.522557	-0.465152	0.279760	0.839862	-0.301463	-0.942101	0.146852	0.240078	0.190197	-0.167020	0.009987	-0.982711	-0.184879	-0.958042	-0.062368	0.279760	-0.286453	0.174328	-0.942101	
0.220000	0.000000	0.000000	0.000000	0.823833	-0.566833	0.000000	0.566833	0.823833	0.000000	0.000000	0.000000	1.000000	0.000000	0.000000	0.000000	0.772431	-0.286447	0.566833	0.531465	-0.197088	-0.823833	0.347700	0.937606	0.000000	0.142127	0.097790	0.063977	0.812464	0.136396	-0.566833	0.559010	0.093846	0.823833	0.165562	-0.986199	-0.000000	0.252545	0.173762	-0.112265	0.839212	-0.526421	0.136396	-0.539943	-0.836454	0.093846	0.064686	-0.152403	-0.986199	0.252545	0.173762	-0.112265	0.832018	-0.175007	0.526421	-0.469909	0.282013	0.836454	-0.294842	-0.943314	0.152403	0.242394	0.190118	-0.166978	0.006574	-0.984545	-0.175007	-0.957744	-0.056523	0.282013	-0.287547	0.165758	-0.943314	
0.230000	0.000000	0.000000	0.000000	0.825978	-0.563702	0.000000	0.563702	0.825978	0.000000	0.000000	0.000000	1.000000	0.000000	0.000000	0.000000	0.775625	-0.283981	0.563702	0.529338	-0.193808	-0.825978	0.343812	0.939038	0.000000	0.142715	0.097398	0.063261	0.813728	0.141729	-0.563702	0.555341	0.096725	0.825978	0.171590	-0.985168	-0.000000	0.254308	0.173557	-0.112158	0.835914	-0.530246	0.141729	-0.544784	-0.832979	0.096725	0.066769	-0.158066	-0.985168	0.254308	0.173557	-0.112158	0.831647	-0.164935	0.530246	-0.474729	0.284214	0.832979	-0.288090	-0.944468	0.158066	0.244742	0.190041	-0.166937	0.003154	-0.986299	-0.164935	-0.957425	-0.050590	0.284214	-0.288664	0.157016	-0.944468	
0.240000	0.000000	0.000000	0.000000	0.828099	-0.560582	0.000000	0.560582	0.828099	0.000000	0.000000	0.000000	1.000000	0.000000	0.000000	0.000000	0.778832	-0.281370	0.560582	0.527231	-0.190473	-0.828099	0.339778	0.940506	0.000000	0.143305	0.097010	0.062519	0.814918	0.147164	-0.560582	0.551659	0.099623	0.828099	0.177713	-0.984082	-0.000000	0.256086	0.173357	-0.112057	0.832567	-0.534018	0.147164	-0.549627	-0.829449	0.099623	0.068865	-0.163828	-0.984082	0.256086	0.173357	-0.112057	0.831202	-0.154690	0.534018	-0.479600	0.286353	0.829449	-0.281225	-0.945554	0.163828	0.247114	0.189966	-0.166899	-0.000260	-0.987963	-0.154690	-0.957086	-0.044583	0.286353	-0.289803	0.148126	-0.945554	
0.250000	0.000000	0.000000	0.000000	0.830189	-0.557482	0.000000	0.557482	0.830189	0.000000	0.000000	0.000000	1.000000	0.000000	0.000000	0.000000	0.782041	-0.278614	0.557482	0.525150	-0.187093	-0.830189	0.335603	0.942003	0.000000	0.143896	0.096628	0.061751	0.816027	0.152686	-0.557482	0.547972	0.102530	0.830189	0.183917	-0.982942	-0.000000	0.257873	0.173165	-0.111962	0.829181	-0.537723	0.152686	-0.554458	-0.825872	0.102530	0.070966	-0.169674	-0.982942	0.257873	0.173165	-0.111962	0.830681	-0.144298	0.537723	-0.484508	0.288423	0.825872	-0.274264	-0.946568	0.169674	0.249503	0.189893	-0.166863	-0.003660	-0.989527	-0.144298	-0.956728	-0.038521	0.288423	-0.290961	0.139110	-0.946568	
0.260000	0.000000	0.000000	0.000000	0.832243	-0.554411	0.000000	0.554411	0.832243	0.000000	0.000000	0.000000	1.000000	0.000000	0.000000	0.000000	0.785243	-0.275719	0.554411	0.523102	-0.183674	-0.832243	0.331296	0.943527	0.000000	0.144485	0.096251	0.060959	0.817053	0.158280	-0.554411	0.544293	0.105440	0.832243	0.190184	-0.981748	-0.000000	0.259664	0.172979	-0.111875	0.825765	-0.541350	0.158280	-0.559262	-0.822258	0.105440	0.073067	-0.175589	-0.981748	0.259664	0.172979	-0.111875	0.830085	-0.133789	0.541350	-0.489438	0.290416	0.822258	-0.267226	-0.947501	0.175589	0.251904	0.189823	-0.166830	-0.007034	-0.990985	-0.133789	-0.956351	-0.032420	0.290416	-0.292135	0.129992	-0.947501	
0.270000	0.000000	0.000000	0.000000	0.834255	-0.551379	0.000000	0.551379	0.834255	0.000000	0.000000	0.000000	1.000000	0.000000	0.000000	0.000000	0.788430	-0.272689	0.551379	0.521092	-0.180227	-0.834255	0.326865	0.945071	0.000000	0.145071	0.095881	0.060143	0.817990	0.163931	-0.551379	0.540629	0.108346	0.834255	0.196500	-0.980504	-0.000000	0.261455	0.172802	-0.111796	0.822330	-0.544886	0.163931	-0.564026	-0.818618	0.108346	0.075161	-0.181557	-0.980504	0.261455	0.172802	-0.111796	0.829412	-0.123189	0.544886	-0.494378	0.292326	0.818618	-0.260129	-0.948351	0.181557	0.254310	0.189756	-0.166800	-0.010373	-0.992329	-0.123189	-0.955957	-0.026297	0.292326	-0.293323	0.120796	-0.948351	
0.280000	0.000000	0.000000	0.000000	0.836221	-0.548393	0.000000	0.548393	0.836221	0.000000	0.000000	0.000000	1.000000	0.000000	0.000000	0.000000	0.791592	-0.269531	0.548393	0.519125	-0.176758	-0.836221	0.322321	0.946631	0.000000	0.145653	0.095519	0.059307	0.818836	0.169624	-0.548393	0.536992	0.111239	0.836221	0.202845	-0.979211	-0.000000	0.263239	0.172632	-0.111725	0.818884	-0.548322	0.169624	-0.568737	-0.814962	0.111239	0.077242	-0.187563	-0.979211	0.263239	0.172632	-0.111725	0.828662	-0.112528	0.548322	-0.499313	0.294148	0.814962	-0.252994	-0.949112	0.187563	0.256713	0.189693	-0.166774	-0.013669	-0.993555	-0.112528	-0.955547	-0.020169	0.294148	-0.294522	0.111546	-0.949112	
0.290000	0.000000	0.000000	0.000000	0.838136	-0.545461	0.000000	0.545461	0.838136	0.000000	0.000000	0.000000	1.000000	0.000000	0.000000	0.000000	0.794721	-0.266253	0.545461	0.517206	-0.173278	-0.838136	0.317673	0.948200	0.000000	0.146229	0.095166	0.058452	0.819590	0.175342	-0.545461	0.533391	0.114113	0.838136	0.209205	-0.977872	-0.000000	0.265014	0.172471	-0.111663	0.815439	-0.551647	0.175342	-0.573385	-0.811300	0.114113	0.079305	-0.193591	-0.977872	0.265014	0.172471	-0.111663	0.827838	-0.101835	0.551647	-0.504230	0.295878	0.811300	-0.245839	-0.949782	0.193591	0.259107	0.189632	-0.166750	-0.016912	-0.994658	-0.101835	-0.955122	-0.014053	0.295878	-0.295729	0.102269	-0.949782	
0.300000	0.000000	0.000000	0.000000	0.839998	-0.542590	0.000000	0.542590	0.839998	0.000000	0.000000	0.000000	1.000000	0.000000	0.000000	0.000000	0.797809	-0.262864	0.542590	0.515338	-0.169795	-0.839998	0.312934	0.949775	0.000000	0.146797	0.094822	0.057580	0.820250	0.181071	-0.542590	0.529834	0.116961	0.839998	0.215561	-0.976490	-0.000000	0.266772	0.172320	-0.111609	0.812004	-0.554854	0.181071	-0.577955	-0.807643	0.116961	0.081344	-0.199624	-0.976490	0.266772	0.172320	-0.111609	0.826941	-0.091141	0.554854	-0.509116	0.297512	0.807643	-0.238685	-0.950358	0.199624	0.261486	0.189575	-0.166730	-0.020095	-0.995635	-0.091141	-0.954685	-0.007965	0.297512	-0.296940	0.092989	-0.950358	
0.310000	0.000000	0.000000	0.000000	0.841802	-0.539787	0.000000	0.539787	0.841802	0.000000	0.000000	0.000000	1.000000	0.000000	0.000000	0.000000	0.800847	-0.259374	0.539787	0.513525	-0.166318	-0.841802	0.308118	0.951348	0.000000	0.147356	0.094489	0.056694	0.820816	0.186793	-0.539787	0.526330	0.119777	0.841802	0.221896	-0.975070	-0.000000	0.268511	0.172177	-0.111565	0.808590	-0.557935	0.186793	-0.582439	-0.804002	0.119777	0.083354	-0.205645	-0.975070	0.268511	0.172177	-0.111565	0.825974	-0.080475	0.557935	-0.513957	0.299049	0.804002	-0.231552	-0.950838	0.205645	0.263844	0.189522	-0.166713	-0.023211	-0.996486	-0.080475	-0.954236	-0.001924	0.299049	-0.298153	0.083734	-0.950838	
0.320000	0.000000	0.000000	0.000000	0.843545	-0.537058	0.000000	0.537058	0.843545	0.000000	0.000000	0.000000	1.000000	0.000000	0.000000	0.000000	0.803827	-0.255796	0.537058	0.511770	-0.162857	-0.843545	0.303239	0.952915	0.000000	0.147904	0.094166	0.055796	0.821289	0.192490	-0.537058	0.522888	0.122552	0.843545	0.228192	-0.973616	-0.000000	0.270225	0.172044	-0.111529	0.805206	-0.560885	0.192490	-0.586824	-0.800386	0.122552	0.085329	-0.211638	-0.973616	0.270225	0.172044	-0.111529	0.824940	-0.069870	0.560885	-0.518740	0.300485	0.800386	-0.224461	-0.951224	0.211638	0.266173	0.189472	-0.166700	-0.026251	-0.997211	-0.069870	-0.953778	0.004054	0.300485	-0.299364	0.074529	-0.951224	
0.330000	0.000000	0.000000	0.000000	0.845226	-0.534409	0.000000	0.534409	0.845226	0.000000	0.000000	0.000000	1.000000	0.000000	0.000000	0.000000	0.806741	-0.252142	0.534409	0.510077	-0.159421	-0.845226	0.298313	0.954468	0.000000	0.148440	0.093854	0.054890	0.821672	0.198147	-0.534409	0.519517	0.125282	0.845226	0.234431	-0.972133	-0.000000	0.271909	0.171920	-0.111502	0.801862	-0.563697	0.198147	-0.591102	-0.796808	0.125282	0.087264	-0.217584	-0.972133	0.271909	0.171920	-0.111502	0.823846	-0.059357	0.563697	-0.523451	0.301821	0.796808	-0.217432	-0.951515	0.217584	0.268467	0.189425	-0.166690	-0.029209	-0.997809	-0.059357	-0.953313	0.009952	0.301821	-0.300569	0.065402	-0.951515	
0.340000	0.000000	0.000000	0.000000	0.846841	-0.531846	0.000000	0.531846	0.846841	0.000000	0.000000	0.000000	1.000000	0.000000	0.000000	0.000000	0.809583	-0.248427	0.531846	0.508446	-0.156021	-0.846841	0.293357	0.956003	0.000000	0.148963	0.093554	0.053978	0.821966	0.203744	-0.531846	0.516223	0.127958	0.846841	0.240593	-0.970626	-0.000000	0.273560	0.171805	-0.111484	0.798570	-0.566369	0.203744	-0.595262	-0.793278	0.127958	0.089154	-0.223465	-0.970626	0.273560	0.171805	-0.111484	0.822696	-0.048969	0.566369	-0.528078	0.303058	0.793278	-0.210488	-0.951713	0.223465	0.270719	0.189382	-0.166683	-0.032078	-0.998285	-0.048969	-0.952842	0.015752	0.303058	-0.301767	0.056381	-0.951713	
0.350000	0.000000	0.000000	0.000000	0.848389	-0.529373	0.000000	0.529373	0.848389	0.000000	0.000000	0.000000	1.000000	0.000000	0.000000	0.000000	0.812344	-0.244668	0.529373	0.506881	-0.152666	-0.848389	0.288391	0.957513	0.000000	0.149471	0.093266	0.053064	0.822176	0.209264	-0.529373	0.513016	0.130576	0.848389	0.246661	-0.969102	-0.000000	0.275171	0.171700	-0.111474	0.795340	-0.568896	0.209264	-0.599295	-0.789807	0.130576	0.090995	-0.229263	-0.969102	0.275171	0.171700	-0.111474	0.821497	-0.038738	0.568896	-0.532607	0.304195	0.789807	-0.203650	-0.951822	0.229263	0.272924	0.189343	-0.166680	-0.034853	-0.998641	-0.038738	-0.952369	0.021438	0.304195	-0.302951	0.047495	-0.951822	
0.360000	0.000000	0.000000	0.000000	0.849868	-0.526995	0.000000	0.526995	0.849868	0.000000	0.000000	0.000000	1.000000	0.000000	0.000000	0.000000	0.815017	-0.240881	0.526995	0.505384	-0.149368	-0.849868	0.283433	0.958992	0.000000	0.149963	0.092991	0.052152	0.822305	0.214689	-0.526995	0.509903	0.133126	0.849868	0.252614	-0.967567	-0.000000	0.276739	0.171603	-0.111472	0.792181	-0.571277	0.214689	-0.603192	-0.786407	0.133126	0.092781	-0.234959	-0.967567	0.276739	0.171603	-0.111472	0.820255	-0.028697	0.571277	-0.537024	0.305234	0.786407	-0.196941	-0.951845	0.234959	0.275075	0.189307	-0.166679	-0.037527	-0.998883	-0.028697	-0.951895	0.026993	0.305234	-0.304119	0.038772	-0.951845	
0.370000	0.000000	0.000000	0.000000	0.851277	-0.524716	0.000000	0.524716	0.851277	0.000000	0.000000	0.000000	1.000000	0.000000	0.000000	0.000000	0.817596	-0.237086	0.524716	0.503956	-0.146137	-0.851277	0.278507	0.960434	0.000000	0.150438	0.092728	0.051245	0.822358	0.219999	-0.524716	0.506891	0.135604	0.851277	0.258434	-0.966029	-0.000000	0.278260	0.171516	-0.111478	0.789105	-0.573511	0.219999	-0.606945	-0.783090	0.135604	0.094508	-0.240533	-0.966029	0.278260	0.171516	-0.111478	0.818980	-0.018882	0.573511	-0.541318	0.306179	0.783090	-0.190383	-0.951787	0.240533	0.277165	0.189275	-0.166681	-0.040096	-0.999017	-0.018882	-0.951423	0.032398	0.306179	-0.305266	0.030242	-0.951787	
0.380000	0.000000	0.000000	0.000000	0.852614	-0.522541	0.000000	0.522541	0.852614	0.000000	0.000000	0.000000	1.000000	0.000000	0.000000	0.000000	0.820073	-0.233303	0.522541	0.502598	-0.142984	-0.852614	0.273633	0.961834	0.000000	0.150893	0.092478	0.050348	0.822342	0.225175	-0.522541	0.503989	0.138003	0.852614	0.264099	-0.964496	-0.000000	0.279729	0.171437	-0.111491	0.786120	-0.575596	0.225175	-0.610545	-0.779865	0.138003	0.096172	-0.245966	-0.964496	0.279729	0.171437	-0.111491	0.817681	-0.009327	0.575596	-0.545474	0.307031	0.779865	-0.184000	-0.951654	0.245966	0.279188	0.189245	-0.166686	-0.042553	-0.999051	-0.009327	-0.950955	0.037638	0.307031	-0.306389	0.021935	-0.951654	
0.390000	0.000000	0.000000	0.000000	0.853878	-0.520473	0.000000	0.520473	0.853878	0.000000	0.000000	0.000000	1.000000	0.000000	0.000000	0.000000	0.822443	-0.229553	0.520473	0.501312	-0.139922	-0.853878	0.268836	0.963186	0.000000	0.151330	0.092241	0.049466	0.822263	0.230197	-0.520473	0.501203	0.140314	0.853878	0.269590	-0.962975	-0.000000	0.281141	0.171367	-0.111510	0.783239	-0.577534	0.230197	-0.613985	-0.776746	0.140314	0.097768	-0.251237	-0.962975	0.281141	0.171367	-0.111510	0.816366	-0.000066	0.577534	-0.549480	0.307795	0.776746	-0.177814	-0.951453	0.251237	0.281138	0.189219	-0.166694	-0.044894	-0.998992	-0.000066	-0.950494	0.042694	0.307795	-0.307482	0.013881	-0.951453	
0.400000	0.000000	0.000000	0.000000	0.855068	-0.518515	0.000000	0.518515	0.855068	0.000000	0.000000	0.000000	1.000000	0.000000	0.000000	0.000000	0.824700	-0.225859	0.518515	0.500100	-0.136961	-0.855068	0.264141	0.964484	0.000000	0.151745	0.092018	0.048602	0.822128	0.235046	-0.518515	0.498541	0.142532	0.855068	0.274886	-0.961477	-0.000000	0.282493	0.171304	-0.111534	0.780471	-0.579326	0.235046	-0.617257	-0.773743	0.142532	0.099292	-0.256326	-0.961477	0.282493	0.171304	-0.111534	0.815048	0.008864	0.579326	-0.553322	0.308475	0.773743	-0.171849	-0.951191	0.256326	0.283007	0.189196	-0.166703	-0.047114	-0.998850	0.008864	-0.950043	0.047550	0.308475	-0.308542	0.006112	-0.951191	
0.410000	0.000000	0.000000	0.000000	0.856184	-0.516671	0.000000	0.516671	0.856184	0.000000	0.000000	0.000000	1.000000	0.000000	0.000000	0.000000	0.826836	-0.222244	0.516671	0.498961	-0.134115	-0.856184	0.259575	0.965723	0.000000	0.152138	0.091809	0.047762	0.821945	0.239701	-0.516671	0.496010	0.144650	0.856184	0.279965	-0.960010	-0.000000	0.283780	0.171249	-0.111564	0.777826	-0.580974	0.239701	-0.620354	-0.770868	0.144650	0.100740	-0.261212	-0.960010	0.283780	0.171249	-0.111564	0.813736	0.017428	0.580974	-0.556988	0.309074	0.770868	-0.166129	-0.950878	0.261212	0.284791	0.189176	-0.166715	-0.049209	-0.998636	0.017428	-0.949605	0.052187	0.309074	-0.309562	-0.001341	-0.950878	
0.420000	0.000000	0.000000	0.000000	0.857224	-0.514944	0.000000	0.514944	0.857224	0.000000	0.000000	0.000000	1.000000	0.000000	0.000000	0.000000	0.828847	-0.218734	0.514944	0.497898	-0.131396	-0.857224	0.255165	0.966897	0.000000	0.152508	0.091613	0.046950	0.821722	0.244143	-0.514944	0.493618	0.146659	0.857224	0.284806	-0.958585	-0.000000	0.284997	0.171201	-0.111597	0.775314	-0.582480	0.244143	-0.623267	-0.768133	0.146659	0.102108	-0.265873	-0.958585	0.284997	0.171201	-0.111597	0.812442	0.025589	0.582480	-0.560464	0.309599	0.768133	-0.160679	-0.950523	0.265873	0.286481	0.189158	-0.166728	-0.051175	-0.998362	0.025589	-0.949182	0.056590	0.309599	-0.310540	-0.008445	-0.950523	
0.430000	0.000000	0.000000	0.000000	0.858187	-0.513337	0.000000	0.513337	0.858187	0.000000	0.000000	0.000000	1.000000	0.000000	0.000000	0.000000	0.830728	-0.215353	0.513337	0.496912	-0.128816	-0.858187	0.250939	0.968003	0.000000	0.152854	0.091432	0.046173	0.821467	0.248349	-0.513337	0.491372	0.148553	0.858187	0.289388	-0.957212	-0.000000	0.286141	0.171160	-0.111634	0.772946	-0.583847	0.248349	-0.625991	-0.765550	0.148553	0.103391	-0.270288	-0.957212	0.286141	0.171160	-0.111634	0.811180	0.033311	0.583847	-0.563737	0.310054	0.765550	-0.155523	-0.950135	0.270288	0.288073	0.189143	-0.166742	-0.053008	-0.998038	0.033311	-0.948777	0.060740	0.310054	-0.311469	-0.015169	-0.950135	
0.440000	0.000000	0.000000	0.000000	0.859074	-0.511852	0.000000	0.511852	0.859074	0.000000	0.000000	0.000000	1.000000	0.000000	0.000000	0.000000	0.832471	-0.212129	0.511852	0.496002	-0.126390	-0.859074	0.246927	0.969034	0.000000	0.153175	0.091264	0.045435	0.821190	0.252299	-0.511852	0.489280	0.150325	0.859074	0.293688	-0.955901	-0.000000	0.287208	0.171124	-0.111672	0.770732	-0.585079	0.252299	-0.628517	-0.763131	0.150325	0.104586	-0.274435	-0.955901	0.287208	0.171124	-0.111672	0.809962	0.040556	0.585079	-0.566795	0.310444	0.763131	-0.150685	-0.949726	0.274435	0.289560	0.189130	-0.166756	-0.054703	-0.997679	0.040556	-0.948393	0.064620	0.310444	-0.312344	-0.021480	-0.949726	
0.450000	0.000000	0.000000	0.000000	0.859882	-0.510493	0.000000	0.510493	0.859882	0.000000	0.000000	0.000000	1.000000	0.000000	0.000000	0.000000	0.834074	-0.209088	0.510493	0.495171	-0.124131	-0.859882	0.243158	0.969987	0.000000	0.153470	0.091112	0.044741	0.820899	0.255973	-0.510493	0.487350	0.151965	0.859882	0.297683	-0.954665	-0.000000	0.288193	0.171094	-0.111712	0.768682	-0.586179	0.255973	-0.630840	-0.760886	0.151965	0.105687	-0.278291	-0.954665	0.288193	0.171094	-0.111712	0.808800	0.047286	0.586179	-0.569623	0.310776	0.760886	-0.146191	-0.949306	0.278291	0.290935	0.189119	-0.166771	-0.056256	-0.997296	0.047286	-0.948032	0.068213	0.310776	-0.313161	-0.027346	-0.949306	
0.460000	0.000000	0.000000	0.000000	0.860611	-0.509262	0.000000	0.509262	0.860611	0.000000	0.000000	0.000000	1.000000	0.000000	0.000000	0.000000	0.835530	-0.206257	0.509262	0.494420	-0.122051	-0.860611	0.239663	0.970856	0.000000	0.153737	0.090973	0.044098	0.820604	0.259348	-0.509262	0.485588	0.153468	0.860611	0.301353	-0.953513	-0.000000	0.289092	0.171069	-0.111751	0.766805	-0.587153	0.259348	-0.632950	-0.758829	0.153468	0.106692	-0.281834	-0.953513	0.289092	0.171069	-0.111751	0.807709	0.053465	0.587153	-0.572210	0.311054	0.758829	-0.142066	-0.948887	0.281834	0.292193	0.189110	-0.166787	-0.057665	-0.996903	0.053465	-0.947699	0.071501	0.311054	-0.313913	-0.032732	-0.948887	
0.470000	0.000000	0.000000	0.000000	0.861261	-0.508163	0.000000	0.508163	0.861261	0.000000	0.000000	0.000000	1.000000	0.000000	0.000000	0.000000	0.836834	-0.203664	0.508163	0.493750	-0.120166	-0.861261	0.236472	0.971638	0.000000	0.153978	0.090850	0.043511	0.820314	0.262403	-0.508163	0.484003	0.154823	0.861261	0.304673	-0.952457	-0.000000	0.289901	0.171048	-0.111789	0.765113	-0.588002	0.262403	-0.634843	-0.756971	0.154823	0.107595	-0.285042	-0.952457	0.289901	0.171048	-0.111789	0.806701	0.059054	0.588002	-0.574541	0.311284	0.756971	-0.138334	-0.948480	0.285042	0.293326	0.189102	-0.166801	-0.058924	-0.996514	0.059054	-0.947395	0.074467	0.311284	-0.314597	-0.037605	-0.948480	
0.480000	0.000000	0.000000	0.000000	0.861830	-0.507197	0.000000	0.507197	0.861830	0.000000	0.000000	0.000000	1.000000	0.000000	0.000000	0.000000	0.837982	-0.201336	0.507197	0.493163	-0.118489	-0.861830	0.233615	0.972329	0.000000	0.154189	0.090742	0.042985	0.820039	0.265118	-0.507197	0.482603	0.156025	0.861830	0.307622	-0.951509	-0.000000	0.290616	0.171031	-0.111825	0.763615	-0.588732	0.265118	-0.636509	-0.755323	0.156025	0.108393	-0.287893	-0.951509	0.290616	0.171031	-0.111825	0.805789	0.064016	0.588732	-0.576605	0.311472	0.755323	-0.135020	-0.948097	0.287893	0.294329	0.189096	-0.166815	-0.060031	-0.996142	0.064016	-0.947123	0.077093	0.311472	-0.315205	-0.041934	-0.948097	
0.490000	0.000000	0.000000	0.000000	0.862317	-0.506370	0.000000	0.506370	0.862317	0.000000	0.000000	0.000000	1.000000	0.000000	0.000000	0.000000	0.838969	-0.199301	0.506370	0.492659	-0.117033	-0.862317	0.231122	0.972925	0.000000	0.154370	0.090649	0.042527	0.819786	0.267471	-0.506370	0.481395	0.157064	0.862317	0.310177	-0.950679	-0.000000	0.291233	0.171018	-0.111858	0.762320	-0.589345	0.267471	-0.637942	-0.753897	0.157064	0.109080	-0.290364	-0.950679	0.291233	0.171018	-0.111858	0.804988	0.068315	0.589345	-0.578387	0.311621	0.753897	-0.132150	-0.947747	0.290364	0.295195	0.189092	-0.166828	-0.060980	-0.995798	0.068315	-0.946886	0.079363	0.311621	-0.315734	-0.045683	-0.947747	
0.500000	0.000000	0.000000	0.000000	0.862720	-0.505683	0.000000	0.505683	0.862720	0.000000	0.000000	0.000000	1.000000	0.000000	0.000000	0.000000	0.839789	-0.197583	0.505683	0.492242	-0.115813	-0.862720	0.229024	0.973421	0.000000	0.154521	0.090573	0.042140	0.819565	0.269440	-0.505683	0.480388	0.157932	0.862720	0.312315	-0.949979	-0.000000	0.291747	0.171007	-0.111887	0.761239	-0.589845	0.269440	-0.639134	-0.752705	0.157932	0.109654	-0.292433	-0.949979	0.291747	0.171007	-0.111887	0.804308	0.071911	0.589845	-0.579874	0.311738	0.752705	-0.129749	-0.947443	0.292433	0.295918	0.189088	-0.166839	-0.061768	-0.995497	0.071911	-0.946687	0.081259	0.311738	-0.316177	-0.048822	-0.947443	
0.510000	0.000000	0.000000	0.000000	0.863037	-0.505141	0.000000	0.505141	0.863037	0.000000	0.000000	0.000000	1.000000	0.000000	0.000000	0.000000	0.840437	-0.196209	0.505141	0.491913	-0.114842	-0.863037	0.227347	0.973814	0.000000	0.154640	0.090512	0.041832	0.819383	0.271007	-0.505141	0.479590	0.158622	0.863037	0.314015	-0.949418	-0.000000	0.292154	0.171000	-0.111911	0.760381	-0.590234	0.271007	-0.640076	-0.751759	0.158622	0.110108	-0.294078	-0.949418	0.292154	0.171000	-0.111911	0.803762	0.074770	0.590234	-0.581054	0.311824	0.751759	-0.127840	-0.947193	0.294078	0.296491	0.189085	-0.166848	-0.062390	-0.995247	0.074770	-0.946528	0.082763	0.311824	-0.316530	-0.051317	-0.947193	
0.520000	0.000000	0.000000	0.000000	0.863267	-0.504747	0.000000	0.504747	0.863267	0.000000	0.000000	0.000000	1.000000	0.000000	0.000000	0.000000	0.840908	-0.195201	0.504747	0.491674	-0.114133	-0.863267	0.226119	0.974100	0.000000	0.154727	0.090468	0.041606	0.819246	0.272150	-0.504747	0.479009	0.159124	0.863267	0.315256	-0.949007	-0.000000	0.292451	0.170994	-0.111928	0.759756	-0.590513	0.272150	-0.640761	-0.751069	0.159124	0.110438	-0.295279	-0.949007	0.292451	0.170994	-0.111928	0.803360	0.076856	0.590513	-0.581913	0.311884	0.751069	-0.126448	-0.947007	0.295279	0.296908	0.189084	-0.166854	-0.062842	-0.995060	0.076856	-0.946412	0.083859	0.311884	-0.316788	-0.053138	-0.947007	
0.530000	0.000000	0.000000	0.000000	0.863407	-0.504508	0.000000	0.504508	0.863407	0.000000	0.000000	0.000000	1.000000	0.000000	0.000000	0.000000	0.841195	-0.194582	0.504508	0.491529	-0.113699	-0.863407	0.225365	0.974274	0.000000	0.154780	0.090441	0.041467	0.819161	0.272849	-0.504508	0.478654	0.159432	0.863407	0.316015	-0.948754	-0.000000	0.292632	0.170991	-0.111939	0.759374	-0.590681	0.272849	-0.641178	-0.750648	0.159432	0.110640	-0.296014	-0.948754	0.292632	0.170991	-0.111939	0.803114	0.078132	0.590681	-0.582438	0.311919	0.750648	-0.125596	-0.946891	0.296014	0.297164	0.189083	-0.166859	-0.063117	-0.994943	0.078132	-0.946341	0.084528	0.311919	-0.316946	-0.054252	-0.946891	
0.540000	0.000000	0.000000	0.000000	0.863454	-0.504427	0.000000	0.504427	0.863454	0.000000	0.000000	0.000000	1.000000	0.000000	0.000000	0.000000	0.841293	-0.194372	0.504427	0.491480	-0.113551	-0.863454	0.225109	0.974334	0.000000	0.154798	0.090432	0.041420	0.819132	0.273087	-0.504427	0.478534	0.159536	0.863454	0.316272	-0.948668	-0.000000	0.292693	0.170990	-0.111943	0.759245	-0.590738	0.273087	-0.641320	-0.750505	0.159536	0.110709	-0.296263	-0.948668	0.292693	0.170990	-0.111943	0.803030	0.078565	0.590738	-0.582616	0.311931	0.750505	-0.125306	-0.946851	0.296263	0.297250	0.189082	-0.166860	-0.063210	-0.994903	0.078565	-0.946317	0.084755	0.311931	-0.317000	-0.054630	-0.946851	
0.550000	0.000000	0.000000	0.000000	0.863324	-0.504651	0.000000	0.504651	0.863324	0.000000	0.000000	0.000000	1.000000	0.000000	0.000000	0.000000	0.841201	-0.194185	0.504651	0.491719	-0.113510	-0.863324	0.224928	0.974375	0.000000	0.154781	0.090476	0.041387	0.818957	0.273199	-0.504651	0.478716	0.159697	0.863324	0.316450	-0.948609	-0.000000	0.292681	0.171085	-0.111946	0.759359	-0.590539	0.273199	-0.641177	-0.750592	0.159697	0.110754	-0.296436	-0.948609	0.292681	0.171085	-0.111946	0.803162	0.078704	0.590539	-0.582461	0.312009	0.750592	-0.125179	-0.946814	0.296436	0.297245	0.189181	-0.166862	-0.062972	-0.994907	0.078704	-0.946307	0.084577	0.312009	-0.317077	-0.054830	-0.946814	
0.560000	0.000000	0.000000	0.000000	0.862937	-0.505312	0.000000	0.505312	0.862937	0.000000	0.000000	0.000000	1.000000	0.000000	0.000000	0.000000	0.840931	-0.193636	0.505312	0.492426	-0.113388	-0.862937	0.224392	0.974499	0.000000	0.154731	0.090606	0.041288	0.818439	0.273529	-0.505312	0.479255	0.160171	0.862937	0.316974	-0.948434	-0.000000	0.292642	0.171363	-0.111957	0.759695	-0.589954	0.273529	-0.640756	-0.750851	0.160171	0.110886	-0.296946	-0.948434	0.292642	0.171363	-0.111957	0.803551	0.079115	0.589954	-0.582004	0.312240	0.750851	-0.124804	-0.946703	0.296946	0.297231	0.189473	-0.166865	-0.062269	-0.994919	0.079115	-0.946277	0.084053	0.312240	-0.317304	-0.055422	-0.946703	
0.570000	0.000000	0.000000	0.000000	0.862304	-0.506391	0.000000	0.506391	0.862304	0.000000	0.000000	0.000000	1.000000	0.000000	0.000000	0.000000	0.840488	-0.192737	0.506391	0.493580	-0.113185	-0.862304	0.223514	0.974701	0.000000	0.154650	0.090819	0.041127	0.817591	0.274069	-0.506391	0.480133	0.160948	0.862304	0.317833	-0.948147	-0.000000	0.292579	0.171818	-0.111973	0.760243	-0.588997	0.274069	-0.640068	-0.751271	0.160948	0.111102	-0.297782	-0.948147	0.292579	0.171818	-0.111973	0.804187	0.079789	0.588997	-0.581258	0.312619	0.751271	-0.124189	-0.946522	0.297782	0.297207	0.189950	-0.166872	-0.061120	-0.994936	0.079789	-0.946228	0.083198	0.312619	-0.317674	-0.056391	-0.946522	
